	sequence_id	sequence	rev_comp	productive	v_call	d_call	j_call	sequence_alignment	germline_alignment	junction	junction_aa	v_cigar	d_cigar	j_cigar	cdr3_aa	cdr3	locus	duplicate_count	vj_in_frame	stop_codon	v_genes	j_genes	v_subgroups	j_subgroups	region_types	frame_types
0	0			T	IGHV5-51		IGHJ4								CARSSIYYDYDVDWYFDVW		IGH	1	T	F	IGHV5-51	IGHJ4	IGHV5	IGHJ4	IMGT_CDR3	IN
1	1			T	IGHV2-70		IGHJ4								CVRLNWDVGYFDVW		IGH	1	T	F	IGHV2-70	IGHJ4	IGHV2	IGHJ4	IMGT_CDR3	IN
2	2			T	IGHV3-NL1		IGHJ4								CARFFCDGDWYFDVW		IGH	1	T	F	IGHV3-NL1	IGHJ4	IGHV3	IGHJ4	IMGT_CDR3	IN
3	3			T	IGHV3-NL1		IGHJ4								CARPPKLIYYDYDVDWYFDVW		IGH	1	T	F	IGHV3-NL1	IGHJ4	IGHV3	IGHJ4	IMGT_CDR3	IN
4	4			T	IGHV4-39		IGHJ6								CARHRGVIYYDYDVNWYFDVW		IGH	1	T	F	IGHV4-39	IGHJ6	IGHV4	IGHJ6	IMGT_CDR3	IN
5	5			T	IGHV3-NL1		IGHJ6								CVRLSYSNLYWYFDVW		IGH	1	T	F	IGHV3-NL1	IGHJ6	IGHV3	IGHJ6	IMGT_CDR3	IN
6	6			T	IGHV3-7		IGHJ4								CARDAPIYYDYDVDWYFDVW		IGH	1	T	F	IGHV3-7	IGHJ4	IGHV3	IGHJ4	IMGT_CDR3	IN
7	7			T	IGHV3-53		IGHJ4								CVAGIYYDYDVGWYFDVW		IGH	1	T	F	IGHV3-53	IGHJ4	IGHV3	IGHJ4	IMGT_CDR3	IN
8	8			T	IGHV4-59		IGHJ3								CAREIYYDYDVHWYFDVW		IGH	1	T	F	IGHV4-59	IGHJ3	IGHV4	IGHJ3	IMGT_CDR3	IN
9	9			T	IGHV1-3		IGHJ3								CAPIYYDYDVHWYFDVW		IGH	1	T	F	IGHV1-3	IGHJ3	IGHV1	IGHJ3	IMGT_CDR3	IN
10	10			T	IGHV3-NL1		IGHJ5								CAIARWLLPFAYW		IGH	1	T	F	IGHV3-NL1	IGHJ5	IGHV3	IGHJ5	IMGT_CDR3	IN
11	11			T	IGHV3-15		IGHJ5								CARLGMTVYYFDYW		IGH	1	T	F	IGHV3-15	IGHJ5	IGHV3	IGHJ5	IMGT_CDR3	IN
12	12			T	IGHV5-51		IGHJ4								CTRDLLWLRRGVWYFDVW		IGH	1	T	F	IGHV5-51	IGHJ4	IGHV5	IGHJ4	IMGT_CDR3	IN
13	13			T	IGHV1-2		IGHJ4								CTRFYDGFYYFDYW		IGH	1	T	F	IGHV1-2	IGHJ4	IGHV1	IGHJ4	IMGT_CDR3	IN
14	14			T	IGHV1-46		IGHJ6								CTRRIYYDYDVGWYFDVW		IGH	1	T	F	IGHV1-46	IGHJ6	IGHV1	IGHJ6	IMGT_CDR3	IN
15	15			T	IGHV3-74		IGHJ4								CTRCLTTVVANWYFDVW		IGH	1	T	F	IGHV3-74	IGHJ4	IGHV3	IGHJ4	IMGT_CDR3	IN
16	16			T	IGHV3-13		IGHJ4								CARGIYYDYDVGWYFDVW		IGH	1	T	F	IGHV3-13	IGHJ4	IGHV3	IGHJ4	IMGT_CDR3	IN
17	17			T	IGHV3-53		IGHJ4								CTGLYGSSLYWYFDVW		IGH	1	T	F	IGHV3-53	IGHJ4	IGHV3	IGHJ4	IMGT_CDR3	IN
18	18			T	IGHV3-7		IGHJ6								CARMGLLRYGWYFDVW		IGH	1	T	F	IGHV3-7	IGHJ6	IGHV3	IGHJ6	IMGT_CDR3	IN
19	19			T	IGHV3-74		IGHJ3								CARIVVSIRSFDVW		IGH	1	T	F	IGHV3-74	IGHJ3	IGHV3	IGHJ3	IMGT_CDR3	IN
20	20			T	IGHV1-2		IGHJ5								CARGSTMITTTLDWYFDVW		IGH	1	T	F	IGHV1-2	IGHJ5	IGHV1	IGHJ5	IMGT_CDR3	IN
21	21			T	IGHV1-69		IGHJ5								CVRHGLRLYWYFDVW		IGH	1	T	F	IGHV1-69	IGHJ5	IGHV1	IGHJ5	IMGT_CDR3	IN
22	22			T	IGHV3-23		IGHJ4								CARFEGWLLRTWFAYW		IGH	1	T	F	IGHV3-23	IGHJ4	IGHV3	IGHJ4	IMGT_CDR3	IN
23	23			T	IGHV3-NL1		IGHJ6								CARSLIYYDYPYYFDYW		IGH	1	T	F	IGHV3-NL1	IGHJ6	IGHV3	IGHJ6	IMGT_CDR3	IN
24	24			T	IGHV1-24		IGHJ6								CASRLYYDYDGGTFFDYW		IGH	1	T	F	IGHV1-24	IGHJ6	IGHV1	IGHJ6	IMGT_CDR3	IN
25	25			T	IGHV3-13		IGHJ4								CVKALFLGYYYAMDYW		IGH	1	T	F	IGHV3-13	IGHJ4	IGHV3	IGHJ4	IMGT_CDR3	IN
26	26			T	IGHV3-NL1		IGHJ4								CTRGLLRYPLYLSFAYW		IGH	1	T	F	IGHV3-NL1	IGHJ4	IGHV3	IGHJ4	IMGT_CDR3	IN
27	27			T	IGHV3-72		IGHJ5								CARLHYGSIYWYFDVW		IGH	1	T	F	IGHV3-72	IGHJ5	IGHV3	IGHJ5	IMGT_CDR3	IN
28	28			T	IGHV3-23		IGHJ4								CARSLLFPINYAMDYW		IGH	1	T	F	IGHV3-23	IGHJ4	IGHV3	IGHJ4	IMGT_CDR3	IN
29	29			T	IGHV1-2		IGHJ4								CARYLYSNYVGYYFDYW		IGH	1	T	F	IGHV1-2	IGHJ4	IGHV1	IGHJ4	IMGT_CDR3	IN
30	30			T	IGHV6-1		IGHJ4								CALGSSYLYWYFDVW		IGH	1	T	F	IGHV6-1	IGHJ4	IGHV6	IGHJ4	IMGT_CDR3	IN
31	31			T	IGHV3-48		IGHJ3								CARDLFDYGYDLFAYW		IGH	1	T	F	IGHV3-48	IGHJ3	IGHV3	IGHJ3	IMGT_CDR3	IN
32	32			T	IGHV2-5		IGHJ4								CVVLGIYAMDYW		IGH	1	T	F	IGHV2-5	IGHJ4	IGHV2	IGHJ4	IMGT_CDR3	IN
33	33			T	IGHV3-11		IGHJ6								CARPGFYYDYVDWYFDVW		IGH	1	T	F	IGHV3-11	IGHJ6	IGHV3	IGHJ6	IMGT_CDR3	IN
34	34			T	IGHV3-15		IGHJ6								CASLIYYDYGYYFDYW		IGH	1	T	F	IGHV3-15	IGHJ6	IGHV3	IGHJ6	IMGT_CDR3	IN
35	35			T	IGHV7-4-1		IGHJ3								CTTWELRLRYFDYW		IGH	1	T	F	IGHV7-4-1	IGHJ3	IGHV7	IGHJ3	IMGT_CDR3	IN
36	36			T	IGHV3-21		IGHJ1								CARYLYYYGSCYWYFDVW		IGH	1	T	F	IGHV3-21	IGHJ1	IGHV3	IGHJ1	IMGT_CDR3	IN
37	37			T	IGHV3-7		IGHJ4								CVRGRLLPWYFDVW		IGH	1	T	F	IGHV3-7	IGHJ4	IGHV3	IGHJ4	IMGT_CDR3	IN
38	38			T	IGHV7-4-1		IGHJ3								CARESLIYYDYDYYFDYW		IGH	1	T	F	IGHV7-4-1	IGHJ3	IGHV7	IGHJ3	IMGT_CDR3	IN
39	39			T	IGHV4-34		IGHJ4								CARANIYYSNLHWYFDVW		IGH	1	T	F	IGHV4-34	IGHJ4	IGHV4	IGHJ4	IMGT_CDR3	IN
40	40			T	IGHV2-26		IGHJ4								CAKIVPYYDYDWYFDVW		IGH	1	T	F	IGHV2-26	IGHJ4	IGHV2	IGHJ4	IMGT_CDR3	IN
41	41			T	IGHV4-38-2		IGHJ4								CALNWDLFAYW		IGH	1	T	F	IGHV4-38-2	IGHJ4	IGHV4	IGHJ4	IMGT_CDR3	IN
42	42			T	IGHV3-NL1		IGHJ4								CAIFYYYGSSSFFDYW		IGH	1	T	F	IGHV3-NL1	IGHJ4	IGHV3	IGHJ4	IMGT_CDR3	IN
43	43			T	IGHV3-43		IGHJ6								CARVIYYGLQLGYAMDYW		IGH	1	T	F	IGHV3-43	IGHJ6	IGHV3	IGHJ6	IMGT_CDR3	IN
44	44			T	IGHV2-5		IGHJ6								CARLPLRYLSFDVW		IGH	1	T	F	IGHV2-5	IGHJ6	IGHV2	IGHJ6	IMGT_CDR3	IN
45	45			T	IGHV4-34		IGHJ6								CARSLMGYGSLPSWFAYW		IGH	1	T	F	IGHV4-34	IGHJ6	IGHV4	IGHJ6	IMGT_CDR3	IN
46	46			T	IGHV2-26		IGHJ4								CARFLYYSNYGAWFAYW		IGH	1	T	F	IGHV2-26	IGHJ4	IGHV2	IGHJ4	IMGT_CDR3	IN
47	47			T	IGHV3-23		IGHJ4								CVFYYSNLDYAMDYW		IGH	1	T	F	IGHV3-23	IGHJ4	IGHV3	IGHJ4	IMGT_CDR3	IN
48	48			T	IGHV1-3		IGHJ4								CARWGLHSLYWYFDVW		IGH	1	T	F	IGHV1-3	IGHJ4	IGHV1	IGHJ4	IMGT_CDR3	IN
49	49			T	IGHV3-23		IGHJ3								CASLTVVALYFDYW		IGH	1	T	F	IGHV3-23	IGHJ3	IGHV3	IGHJ3	IMGT_CDR3	IN
50	50			T	IGHV3-NL1		IGHJ6								CARKGLYYGNYELYFDYW		IGH	1	T	F	IGHV3-NL1	IGHJ6	IGHV3	IGHJ6	IMGT_CDR3	IN
51	51			T	IGHV3-74		IGHJ4								CARILHITTVAYWYFDVW		IGH	1	T	F	IGHV3-74	IGHJ4	IGHV3	IGHJ4	IMGT_CDR3	IN
52	52			T	IGHV1-18		IGHJ4								CARDWDYDFFWFDYW		IGH	1	T	F	IGHV1-18	IGHJ4	IGHV1	IGHJ4	IMGT_CDR3	IN
53	53			T	IGHV3-7		IGHJ5								CARLRAWTLALVEYYFDYW		IGH	1	T	F	IGHV3-7	IGHJ5	IGHV3	IGHJ5	IMGT_CDR3	IN
54	54			T	IGHV3-13		IGHJ6								CAIEGFVVPYYFDYW		IGH	1	T	F	IGHV3-13	IGHJ6	IGHV3	IGHJ6	IMGT_CDR3	IN
55	55			T	IGHV3-43		IGHJ6								CALSWDLFAYW		IGH	1	T	F	IGHV3-43	IGHJ6	IGHV3	IGHJ6	IMGT_CDR3	IN
56	56			T	IGHV4-59		IGHJ4								CARPNFSRWLLSFAYW		IGH	1	T	F	IGHV4-59	IGHJ4	IGHV4	IGHJ4	IMGT_CDR3	IN
57	57			T	IGHV3-13		IGHJ4								CARLLLRYDGDYFDYW		IGH	1	T	F	IGHV3-13	IGHJ4	IGHV3	IGHJ4	IMGT_CDR3	IN
58	58			T	IGHV3-23		IGHJ1								CARLLTTLYYAMDYW		IGH	1	T	F	IGHV3-23	IGHJ1	IGHV3	IGHJ1	IMGT_CDR3	IN
59	59			T	IGHV3-15		IGHJ3								CARIAPFLLRFDYW		IGH	1	T	F	IGHV3-15	IGHJ3	IGHV3	IGHJ3	IMGT_CDR3	IN
60	60			T	IGHV3-21		IGHJ4								CTRFHYYGSIYWYFDVW		IGH	1	T	F	IGHV3-21	IGHJ4	IGHV3	IGHJ4	IMGT_CDR3	IN
61	61			T	IGHV3-15		IGHJ4								CVRDLGLRAWFAYW		IGH	1	T	F	IGHV3-15	IGHJ4	IGHV3	IGHJ4	IMGT_CDR3	IN
62	62			T	IGHV3-74		IGHJ5								CAGGLYYYGSCYWYFDVW		IGH	1	T	F	IGHV3-74	IGHJ5	IGHV3	IGHJ5	IMGT_CDR3	IN
63	63			T	IGHV3-15		IGHJ4								CAVRQLRLPYYFDYW		IGH	1	T	F	IGHV3-15	IGHJ4	IGHV3	IGHJ4	IMGT_CDR3	IN
64	64			T	IGHV4-30-2		IGHJ4								CARSLIYYDYQYYFDYW		IGH	1	T	F	IGHV4-30-2	IGHJ4	IGHV4	IGHJ4	IMGT_CDR3	IN
65	65			T	IGHV3-NL1		IGHJ5								CARWGLRLYGNYYFDYW		IGH	1	T	F	IGHV3-NL1	IGHJ5	IGHV3	IGHJ5	IMGT_CDR3	IN
66	66			T	IGHV3-21		IGHJ6								CARLGVTVYYFDYW		IGH	1	T	F	IGHV3-21	IGHJ6	IGHV3	IGHJ6	IMGT_CDR3	IN
67	67			T	IGHV7-4-1		IGHJ4								CARSELLRYPLGFDVW		IGH	1	T	F	IGHV7-4-1	IGHJ4	IGHV7	IGHJ4	IMGT_CDR3	IN
68	68			T	IGHV3-49		IGHJ4								CARYPVIHLQYYFDYW		IGH	1	T	F	IGHV3-49	IGHJ4	IGHV3	IGHJ4	IMGT_CDR3	IN
69	69			T	IGHV7-4-1		IGHJ6								CTRLFHYYGSIYWYFDVW		IGH	1	T	F	IGHV7-4-1	IGHJ6	IGHV7	IGHJ6	IMGT_CDR3	IN
70	70			T	IGHV2-70		IGHJ3								CARIFITTSWFAYW		IGH	1	T	F	IGHV2-70	IGHJ3	IGHV2	IGHJ3	IMGT_CDR3	IN
71	71			T	IGHV2-5		IGHJ6								CARIAWGLYDYGVRWYFDVW		IGH	1	T	F	IGHV2-5	IGHJ6	IGHV2	IGHJ6	IMGT_CDR3	IN
72	72			T	IGHV4-59		IGHJ4								CARALGSSYLYWYFDVW		IGH	1	T	F	IGHV4-59	IGHJ4	IGHV4	IGHJ4	IMGT_CDR3	IN
73	73			T	IGHV3-66		IGHJ4								CARWILYDGYSYYFDYW		IGH	1	T	F	IGHV3-66	IGHJ4	IGHV3	IGHJ4	IMGT_CDR3	IN
74	74			T	IGHV3-49		IGHJ6								CAISEIYYDFYFDYW		IGH	1	T	F	IGHV3-49	IGHJ6	IGHV3	IGHJ6	IMGT_CDR3	IN
75	75			T	IGHV3-66		IGHJ4								CARNLLWLRWYFDVW		IGH	1	T	F	IGHV3-66	IGHJ4	IGHV3	IGHJ4	IMGT_CDR3	IN
76	76			T	IGHV3-11		IGHJ4								CARDEGWELGLRYFDYW		IGH	1	T	F	IGHV3-11	IGHJ4	IGHV3	IGHJ4	IMGT_CDR3	IN
77	77			T	IGHV4-61		IGHJ4								CARDILLRWYFDVW		IGH	1	T	F	IGHV4-61	IGHJ4	IGHV4	IGHJ4	IMGT_CDR3	IN
78	78			T	IGHV1-2		IGHJ4								CAREGLELRLRGNYFDYW		IGH	1	T	F	IGHV1-2	IGHJ4	IGHV1	IGHJ4	IMGT_CDR3	IN
79	79			T	IGHV4-34		IGHJ5								CALRQLRLKGYFDYW		IGH	1	T	F	IGHV4-34	IGHJ5	IGHV4	IGHJ5	IMGT_CDR3	IN
80	80			T	IGHV3-48		IGHJ4								CALRQLRLRGYFDYW		IGH	1	T	F	IGHV3-48	IGHJ4	IGHV3	IGHJ4	IMGT_CDR3	IN
81	81			T	IGHV1-3		IGHJ5								CARNPNWDVNFGWFAYW		IGH	1	T	F	IGHV1-3	IGHJ5	IGHV1	IGHJ5	IMGT_CDR3	IN
82	82			T	IGHV4-34		IGHJ6								CAIITTVVGRPFFAYW		IGH	1	T	F	IGHV4-34	IGHJ6	IGHV4	IGHJ6	IMGT_CDR3	IN
83	83			T	IGHV4-61		IGHJ5								CARIGEAFYYGILYYFDYW		IGH	1	T	F	IGHV4-61	IGHJ5	IGHV4	IGHJ5	IMGT_CDR3	IN
84	84			T	IGHV3-20		IGHJ3								CARGILFYDYGGFAYW		IGH	1	T	F	IGHV3-20	IGHJ3	IGHV3	IGHJ3	IMGT_CDR3	IN
85	85			T	IGHV1-24		IGHJ6								CARFPLGIYWYFDVW		IGH	1	T	F	IGHV1-24	IGHJ6	IGHV1	IGHJ6	IMGT_CDR3	IN
86	86			T	IGHV3-23		IGHJ4								CARWELRLRYFDYW		IGH	1	T	F	IGHV3-23	IGHJ4	IGHV3	IGHJ4	IMGT_CDR3	IN
87	87			T	IGHV3-23		IGHJ4								CAREEDFYDGFPLYFDYW		IGH	1	T	F	IGHV3-23	IGHJ4	IGHV3	IGHJ4	IMGT_CDR3	IN
88	88			T	IGHV3-30		IGHJ4								CASFYDGYYLSLPMDYW		IGH	1	T	F	IGHV3-30	IGHJ4	IGHV3	IGHJ4	IMGT_CDR3	IN
89	89			T	IGHV3-74		IGHJ4								CARSILGSLTGAYYFDYW		IGH	1	T	F	IGHV3-74	IGHJ4	IGHV3	IGHJ4	IMGT_CDR3	IN
90	90			T	IGHV3-23		IGHJ4								CARWLGNYVEFGLYW		IGH	1	T	F	IGHV3-23	IGHJ4	IGHV3	IGHJ4	IMGT_CDR3	IN
91	91			T	IGHV3-48		IGHJ4								CASLIYYDYQYYFDYW		IGH	1	T	F	IGHV3-48	IGHJ4	IGHV3	IGHJ4	IMGT_CDR3	IN
92	92			T	IGHV3-53		IGHJ4								CAKEIYYGPLTWYFDVW		IGH	1	T	F	IGHV3-53	IGHJ4	IGHV3	IGHJ4	IMGT_CDR3	IN
93	93			T	IGHV3-NL1		IGHJ6								CARWFLYYDYDAGFDYW		IGH	1	T	F	IGHV3-NL1	IGHJ6	IGHV3	IGHJ6	IMGT_CDR3	IN
94	94			T	IGHV3-7		IGHJ5								CARGDYGYDLFYWYFDVW		IGH	1	T	F	IGHV3-7	IGHJ5	IGHV3	IGHJ5	IMGT_CDR3	IN
95	95			T	IGHV3-NL1		IGHJ4								CARLLAMYDGYYAFAYW		IGH	1	T	F	IGHV3-NL1	IGHJ4	IGHV3	IGHJ4	IMGT_CDR3	IN
96	96			T	IGHV1-18		IGHJ5								CARHGKGGLITTVAAEYYFDYW		IGH	1	T	F	IGHV1-18	IGHJ5	IGHV1	IGHJ5	IMGT_CDR3	IN
97	97			T	IGHV6-1		IGHJ4								CTTMMLYGYDWYFDYW		IGH	1	T	F	IGHV6-1	IGHJ4	IGHV6	IGHJ4	IMGT_CDR3	IN
98	98			T	IGHV3-30		IGHJ4								CAKLFYYYGSSLWYFDVW		IGH	1	T	F	IGHV3-30	IGHJ4	IGHV3	IGHJ4	IMGT_CDR3	IN
99	99			T	IGHV3-48		IGHJ5								CASLIYYDYPYYFDYW		IGH	1	T	F	IGHV3-48	IGHJ5	IGHV3	IGHJ5	IMGT_CDR3	IN
100	100			T	IGHV3-20		IGHJ6								CAIWDYLDWYFDVW		IGH	1	T	F	IGHV3-20	IGHJ6	IGHV3	IGHJ6	IMGT_CDR3	IN
101	101			T	IGHV3-11		IGHJ4								CARSLPLLSLRGYW		IGH	1	T	F	IGHV3-11	IGHJ4	IGHV3	IGHJ4	IMGT_CDR3	IN
102	102			T	IGHV3-7		IGHJ6								CARLGYDWSWFAYW		IGH	1	T	F	IGHV3-7	IGHJ6	IGHV3	IGHJ6	IMGT_CDR3	IN
103	103			T	IGHV3-66		IGHJ4								CARFHYYGSIHWYFDVW		IGH	1	T	F	IGHV3-66	IGHJ4	IGHV3	IGHJ4	IMGT_CDR3	IN
104	104			T	IGHV3-66		IGHJ6								CARLVYDYDYWYFDVW		IGH	1	T	F	IGHV3-66	IGHJ6	IGHV3	IGHJ6	IMGT_CDR3	IN
105	105			T	IGHV7-4-1		IGHJ4								CARDILLPWYFDVW		IGH	1	T	F	IGHV7-4-1	IGHJ4	IGHV7	IGHJ4	IMGT_CDR3	IN
106	106			T	IGHV4-59		IGHJ6								CARIANYDLDWYFDVW		IGH	1	T	F	IGHV4-59	IGHJ6	IGHV4	IGHJ6	IMGT_CDR3	IN
107	107			T	IGHV3-NL1		IGHJ6								CTTLVVACNYFDYW		IGH	1	T	F	IGHV3-NL1	IGHJ6	IGHV3	IGHJ6	IMGT_CDR3	IN
108	108			T	IGHV3-13		IGHJ4								CAYGGLRLDWYFDVW		IGH	1	T	F	IGHV3-13	IGHJ4	IGHV3	IGHJ4	IMGT_CDR3	IN
109	109			T	IGHV3-53		IGHJ4								CARYRFYYDYDWFDVW		IGH	1	T	F	IGHV3-53	IGHJ4	IGHV3	IGHJ4	IMGT_CDR3	IN
110	110			T	IGHV3-74		IGHJ6								CAREEGPVIYYDYPFYYFDYW		IGH	1	T	F	IGHV3-74	IGHJ6	IGHV3	IGHJ6	IMGT_CDR3	IN
111	111			T	IGHV1-69		IGHJ5								CARLYSNLYYFDYW		IGH	1	T	F	IGHV1-69	IGHJ5	IGHV1	IGHJ5	IMGT_CDR3	IN
112	112			T	IGHV3-7		IGHJ4								CAQMFYGYDVRFAYW		IGH	1	T	F	IGHV3-7	IGHJ4	IGHV3	IGHJ4	IMGT_CDR3	IN
113	113			T	IGHV3-23		IGHJ4								CGLLWLRRRYYFDYW		IGH	1	T	F	IGHV3-23	IGHJ4	IGHV3	IGHJ4	IMGT_CDR3	IN
114	114			T	IGHV3-30		IGHJ5								CTGCLTFYWYFDVW		IGH	1	T	F	IGHV3-30	IGHJ5	IGHV3	IGHJ5	IMGT_CDR3	IN
115	115			T	IGHV4-61		IGHJ6								CAREGLLWLRRGYYFDYW		IGH	1	T	F	IGHV4-61	IGHJ6	IGHV4	IGHJ6	IMGT_CDR3	IN
116	116			T	IGHV3-23		IGHJ4								CARSPITTVVDLTVFYAMDYW		IGH	1	T	F	IGHV3-23	IGHJ4	IGHV3	IGHJ4	IMGT_CDR3	IN
117	117			T	IGHV3-7		IGHJ5								CARELYSNLYYFDYW		IGH	1	T	F	IGHV3-7	IGHJ5	IGHV3	IGHJ5	IMGT_CDR3	IN
118	118			T	IGHV3-23		IGHJ6								CAKTLSGYLAWFAYW		IGH	1	T	F	IGHV3-23	IGHJ6	IGHV3	IGHJ6	IMGT_CDR3	IN
119	119			T	IGHV3-23		IGHJ4								CARSLYYFDWYFDVW		IGH	1	T	F	IGHV3-23	IGHJ4	IGHV3	IGHJ4	IMGT_CDR3	IN
120	120			T	IGHV4-39		IGHJ1								CTGLLWLRRQYYFDYW		IGH	1	T	F	IGHV4-39	IGHJ1	IGHV4	IGHJ1	IMGT_CDR3	IN
121	121			T	IGHV3-15		IGHJ5								CARSYDYLRFHWYFDVW		IGH	1	T	F	IGHV3-15	IGHJ5	IGHV3	IGHJ5	IMGT_CDR3	IN
122	122			T	IGHV1-18		IGHJ5								CVLSLMVKGFDYW		IGH	1	T	F	IGHV1-18	IGHJ5	IGHV1	IGHJ5	IMGT_CDR3	IN
123	123			T	IGHV5-51		IGHJ4								CARLRYIGYGNYPFYFDYW		IGH	1	T	F	IGHV5-51	IGHJ4	IGHV5	IGHJ4	IMGT_CDR3	IN
124	124			T	IGHV3-NL1		IGHJ4								CARHPLYSNLYYFDYW		IGH	1	T	F	IGHV3-NL1	IGHJ4	IGHV3	IGHJ4	IMGT_CDR3	IN
125	125			T	IGHV4-61		IGHJ1								CARHEVGLPLRGNYVFYYFDYW		IGH	1	T	F	IGHV4-61	IGHJ1	IGHV4	IGHJ1	IMGT_CDR3	IN
126	126			T	IGHV3-13		IGHJ3								CTRLPWDVGYFDVW		IGH	1	T	F	IGHV3-13	IGHJ3	IGHV3	IGHJ3	IMGT_CDR3	IN
127	127			T	IGHV3-30		IGHJ4								CALYSNLYYFDYW		IGH	1	T	F	IGHV3-30	IGHJ4	IGHV3	IGHJ4	IMGT_CDR3	IN
128	128			T	IGHV3-9		IGHJ6								CARKLLLDWYFDVW		IGH	1	T	F	IGHV3-9	IGHJ6	IGHV3	IGHJ6	IMGT_CDR3	IN
129	129			T	IGHV1-18		IGHJ4								CARRLLLRYYFDYW		IGH	1	T	F	IGHV1-18	IGHJ4	IGHV1	IGHJ4	IMGT_CDR3	IN
130	130			T	IGHV4-4		IGHJ6								CVRDLLYSNYAGWYFDVW		IGH	1	T	F	IGHV4-4	IGHJ6	IGHV4	IGHJ6	IMGT_CDR3	IN
131	131			T	IGHV1-46		IGHJ4								CAREGFFYYGNYGFAYW		IGH	1	T	F	IGHV1-46	IGHJ4	IGHV1	IGHJ4	IMGT_CDR3	IN
132	132			T	IGHV3-15		IGHJ4								CVRHEFDYYGFLDVW		IGH	1	T	F	IGHV3-15	IGHJ4	IGHV3	IGHJ4	IMGT_CDR3	IN
133	133			T	IGHV3-13		IGHJ4								CARLSGNLAWFAYW		IGH	1	T	F	IGHV3-13	IGHJ4	IGHV3	IGHJ4	IMGT_CDR3	IN
134	134			T	IGHV3-7		IGHJ6								CARKLLLPWYFDVW		IGH	1	T	F	IGHV3-7	IGHJ6	IGHV3	IGHJ6	IMGT_CDR3	IN
135	135			T	IGHV3-NL1		IGHJ6								CARIYYDYPIFAYW		IGH	1	T	F	IGHV3-NL1	IGHJ6	IGHV3	IGHJ6	IMGT_CDR3	IN
136	136			T	IGHV3-NL1		IGHJ6								CTRSELYSNLYYFDYW		IGH	1	T	F	IGHV3-NL1	IGHJ6	IGHV3	IGHJ6	IMGT_CDR3	IN
137	137			T	IGHV4-38-2		IGHJ5								CATQFLVPFDYAMDYW		IGH	1	T	F	IGHV4-38-2	IGHJ5	IGHV4	IGHJ5	IMGT_CDR3	IN
138	138			T	IGHV3-21		IGHJ4								CARKLLLSWYFDVW		IGH	1	T	F	IGHV3-21	IGHJ4	IGHV3	IGHJ4	IMGT_CDR3	IN
139	139			T	IGHV1-3		IGHJ4								CASTLYSNLYYFDYW		IGH	1	T	F	IGHV1-3	IGHJ4	IGHV1	IGHJ4	IMGT_CDR3	IN
140	140			T	IGHV5-51		IGHJ6								CARRGFYYYGSSYVFFDYW		IGH	1	T	F	IGHV5-51	IGHJ6	IGHV5	IGHJ6	IMGT_CDR3	IN
141	141			T	IGHV3-23		IGHJ4								CTTLMITTVTLYYW		IGH	1	T	F	IGHV3-23	IGHJ4	IGHV3	IGHJ4	IMGT_CDR3	IN
142	142			T	IGHV3-66		IGHJ6								CATSACLIYYDYDRIFDYW		IGH	1	T	F	IGHV3-66	IGHJ6	IGHV3	IGHJ6	IMGT_CDR3	IN
143	143			T	IGHV3-74		IGHJ4								CTGLLWLRRGYYFDYW		IGH	1	T	F	IGHV3-74	IGHJ4	IGHV3	IGHJ4	IMGT_CDR3	IN
144	144			T	IGHV3-21		IGHJ6								CARSTLSGYLAWFAYW		IGH	1	T	F	IGHV3-21	IGHJ6	IGHV3	IGHJ6	IMGT_CDR3	IN
145	145			T	IGHV3-11		IGHJ4								CARYTITLGYFDVW		IGH	1	T	F	IGHV3-11	IGHJ4	IGHV3	IGHJ4	IMGT_CDR3	IN
146	146			T	IGHV3-7		IGHJ4								CARALYSTLYYFDYW		IGH	1	T	F	IGHV3-7	IGHJ4	IGHV3	IGHJ4	IMGT_CDR3	IN
147	147			T	IGHV4-59		IGHJ4								CARSLSGTLAWFAYW		IGH	1	T	F	IGHV4-59	IGHJ4	IGHV4	IGHJ4	IMGT_CDR3	IN
148	148			T	IGHV3-NL1		IGHJ4								CLYSNLYYFDYW		IGH	1	T	F	IGHV3-NL1	IGHJ4	IGHV3	IGHJ4	IMGT_CDR3	IN
149	149			T	IGHV7-4-1		IGHJ6								CARHEEKGFYYYGSSYVFFAYW		IGH	1	T	F	IGHV7-4-1	IGHJ6	IGHV7	IGHJ6	IMGT_CDR3	IN
150	150			T	IGHV3-NL1		IGHJ4								CLYYYPVYFDYW		IGH	1	T	F	IGHV3-NL1	IGHJ4	IGHV3	IGHJ4	IMGT_CDR3	IN
151	151			T	IGHV1-3		IGHJ4								CARIGWEVPWFAYW		IGH	1	T	F	IGHV1-3	IGHJ4	IGHV1	IGHJ4	IMGT_CDR3	IN
152	152			T	IGHV5-51		IGHJ5								CALSGYLAWFAYW		IGH	1	T	F	IGHV5-51	IGHJ5	IGHV5	IGHJ5	IMGT_CDR3	IN
153	153			T	IGHV3-15		IGHJ3								CARWFYDYHWYFDVW		IGH	1	T	F	IGHV3-15	IGHJ3	IGHV3	IGHJ3	IMGT_CDR3	IN
154	154			T	IGHV1-2		IGHJ5								CARYGVFDGYYFPYWYFDVW		IGH	1	T	F	IGHV1-2	IGHJ5	IGHV1	IGHJ5	IMGT_CDR3	IN
155	155			T	IGHV3-30-3		IGHJ4								CARSLYSNLYYFDYW		IGH	1	T	F	IGHV3-30-3	IGHJ4	IGHV3	IGHJ4	IMGT_CDR3	IN
156	156			T	IGHV3-66		IGHJ4								CTTLLLRYPLESMDYW		IGH	1	T	F	IGHV3-66	IGHJ4	IGHV3	IGHJ4	IMGT_CDR3	IN
157	157			T	IGHV3-NL1		IGHJ4								CTTLYSNLYYFDYW		IGH	1	T	F	IGHV3-NL1	IGHJ4	IGHV3	IGHJ4	IMGT_CDR3	IN
158	158			T	IGHV1-2		IGHJ6								CVREGRLWFYFDYW		IGH	1	T	F	IGHV1-2	IGHJ6	IGHV1	IGHJ6	IMGT_CDR3	IN
159	159			T	IGHV3-15		IGHJ4								CARYIRELDYYWYFDVW		IGH	1	T	F	IGHV3-15	IGHJ4	IGHV3	IGHJ4	IMGT_CDR3	IN
160	160			T	IGHV3-23		IGHJ4								CARQGFYYYGSSYVFFDYW		IGH	1	T	F	IGHV3-23	IGHJ4	IGHV3	IGHJ4	IMGT_CDR3	IN
161	161			T	IGHV1-18		IGHJ4								CARFDYDVLYFDYW		IGH	1	T	F	IGHV1-18	IGHJ4	IGHV1	IGHJ4	IMGT_CDR3	IN
162	162			T	IGHV3-23		IGHJ4								CASLFYDGYLSGYW		IGH	1	T	F	IGHV3-23	IGHJ4	IGHV3	IGHJ4	IMGT_CDR3	IN
163	163			T	IGHV1-2		IGHJ6								CARLSYGLRGFAYW		IGH	1	T	F	IGHV1-2	IGHJ6	IGHV1	IGHJ6	IMGT_CDR3	IN
164	164			T	IGHV4-38-2		IGHJ4								CASGLYSNFGYFDVW		IGH	1	T	F	IGHV4-38-2	IGHJ4	IGHV4	IGHJ4	IMGT_CDR3	IN
165	165			T	IGHV3-7		IGHJ6								CARHGLRSLGLGFAYW		IGH	1	T	F	IGHV3-7	IGHJ6	IGHV3	IGHJ6	IMGT_CDR3	IN
166	166			T	IGHV3-21		IGHJ4								CARIEDFYYYGSSYVFFAYW		IGH	1	T	F	IGHV3-21	IGHJ4	IGHV3	IGHJ4	IMGT_CDR3	IN
167	167			T	IGHV7-4-1		IGHJ4								CAIWGLRFYFDYW		IGH	1	T	F	IGHV7-4-1	IGHJ4	IGHV7	IGHJ4	IMGT_CDR3	IN
168	168			T	IGHV1-3		IGHJ4								CALITTVDVYFDYW		IGH	1	T	F	IGHV1-3	IGHJ4	IGHV1	IGHJ4	IMGT_CDR3	IN
169	169			T	IGHV3-30		IGHJ4								CAREVSRQLRLGAFFDYW		IGH	1	T	F	IGHV3-30	IGHJ4	IGHV3	IGHJ4	IMGT_CDR3	IN
170	170			T	IGHV2-5		IGHJ4								CARGAPLSYDYLRFHWYFDVW		IGH	1	T	F	IGHV2-5	IGHJ4	IGHV2	IGHJ4	IMGT_CDR3	IN
171	171			T	IGHV4-61		IGHJ5								CARYLYSNLYYFDYW		IGH	1	T	F	IGHV4-61	IGHJ5	IGHV4	IGHJ5	IMGT_CDR3	IN
172	172			T	IGHV1-2		IGHJ3								CARHEDLQLGLLGYFDVW		IGH	1	T	F	IGHV1-2	IGHJ3	IGHV1	IGHJ3	IMGT_CDR3	IN
173	173			T	IGHV3-23		IGHJ4								CALQLRLRTMDYW		IGH	1	T	F	IGHV3-23	IGHJ4	IGHV3	IGHJ4	IMGT_CDR3	IN
174	174			T	IGHV3-49		IGHJ6								CTTWALYYDYDLYFDYW		IGH	1	T	F	IGHV3-49	IGHJ6	IGHV3	IGHJ6	IMGT_CDR3	IN
175	175			T	IGHV4-38-2		IGHJ6								CALSTGQLRLGFAYW		IGH	1	T	F	IGHV4-38-2	IGHJ6	IGHV4	IGHJ6	IMGT_CDR3	IN
176	176			T	IGHV1-46		IGHJ4								CAREEIYYGNPLHWYFDVW		IGH	1	T	F	IGHV1-46	IGHJ4	IGHV1	IGHJ4	IMGT_CDR3	IN
177	177			T	IGHV3-30-3		IGHJ4								CARFDWDVDYWYFDVW		IGH	1	T	F	IGHV3-30-3	IGHJ4	IGHV3	IGHJ4	IMGT_CDR3	IN
178	178			T	IGHV4-61		IGHJ5								CAAYYSIRLYWYFDVW		IGH	1	T	F	IGHV4-61	IGHJ5	IGHV4	IGHJ5	IMGT_CDR3	IN
179	179			T	IGHV3-11		IGHJ4								CARELIPITTVPLDYW		IGH	1	T	F	IGHV3-11	IGHJ4	IGHV3	IGHJ4	IMGT_CDR3	IN
180	180			T	IGHV1-18		IGHJ5								CARWGLLWLRREYYFDYW		IGH	1	T	F	IGHV1-18	IGHJ5	IGHV1	IGHJ5	IMGT_CDR3	IN
181	181			T	IGHV1-46		IGHJ4								CARVGYDLLSYWYFDVW		IGH	1	T	F	IGHV1-46	IGHJ4	IGHV1	IGHJ4	IMGT_CDR3	IN
182	182			T	IGHV3-30-3		IGHJ4								CARDPLYSNLYYFDYW		IGH	1	T	F	IGHV3-30-3	IGHJ4	IGHV3	IGHJ4	IMGT_CDR3	IN
183	183			T	IGHV1-18		IGHJ6								CAREIYYDYPFYYFDYW		IGH	1	T	F	IGHV1-18	IGHJ6	IGHV1	IGHJ6	IMGT_CDR3	IN
184	184			T	IGHV3-23		IGHJ3								CAISLPLRPLDYW		IGH	1	T	F	IGHV3-23	IGHJ3	IGHV3	IGHJ3	IMGT_CDR3	IN
185	185			T	IGHV3-20		IGHJ4								CARPLILGTTFSSPLDYW		IGH	1	T	F	IGHV3-20	IGHJ4	IGHV3	IGHJ4	IMGT_CDR3	IN
186	186			T	IGHV3-23		IGHJ4								CARRIYYGNPLDWYFDVW		IGH	1	T	F	IGHV3-23	IGHJ4	IGHV3	IGHJ4	IMGT_CDR3	IN
187	187			T	IGHV3-7		IGHJ4								CARNLYSNLYYFDYW		IGH	1	T	F	IGHV3-7	IGHJ4	IGHV3	IGHJ4	IMGT_CDR3	IN
188	188			T	IGHV1-2		IGHJ4								CARWLSGNLAWFAYW		IGH	1	T	F	IGHV1-2	IGHJ4	IGHV1	IGHJ4	IMGT_CDR3	IN
189	189			T	IGHV3-30-3		IGHJ2								CAPLSGTLAWFAYW		IGH	1	T	F	IGHV3-30-3	IGHJ2	IGHV3	IGHJ2	IMGT_CDR3	IN
190	190			T	IGHV3-NL1		IGHJ5								CARDLFLDLYWYFDVW		IGH	1	T	F	IGHV3-NL1	IGHJ5	IGHV3	IGHJ5	IMGT_CDR3	IN
191	191			T	IGHV1-3		IGHJ5								CARDLFDGYSWSFDVW		IGH	1	T	F	IGHV1-3	IGHJ5	IGHV1	IGHJ5	IMGT_CDR3	IN
192	192			T	IGHV1-3		IGHJ4								CAKIPFRLRKWYFDVW		IGH	1	T	F	IGHV1-3	IGHJ4	IGHV1	IGHJ4	IMGT_CDR3	IN
193	193			T	IGHV3-74		IGHJ4								CAQIAGELYWFAYW		IGH	1	T	F	IGHV3-74	IGHJ4	IGHV3	IGHJ4	IMGT_CDR3	IN
194	194			T	IGHV4-34		IGHJ4								CATLLYYGSSFYFDYW		IGH	1	T	F	IGHV4-34	IGHJ4	IGHV4	IGHJ4	IMGT_CDR3	IN
195	195			T	IGHV1-2		IGHJ3								CAMGAYLTLAWFAYW		IGH	1	T	F	IGHV1-2	IGHJ3	IGHV1	IGHJ3	IMGT_CDR3	IN
196	196			T	IGHV4-38-2		IGHJ6								CPLLTTVVPYYFDYW		IGH	1	T	F	IGHV4-38-2	IGHJ6	IGHV4	IGHJ6	IMGT_CDR3	IN
197	197			T	IGHV3-13		IGHJ4								CARPLYSNLYYFDYW		IGH	1	T	F	IGHV3-13	IGHJ4	IGHV3	IGHJ4	IMGT_CDR3	IN
198	198			T	IGHV3-15		IGHJ4								CARGLLWLRRGYYFDYW		IGH	1	T	F	IGHV3-15	IGHJ4	IGHV3	IGHJ4	IMGT_CDR3	IN
199	199			T	IGHV4-59		IGHJ4								CTSLYSNLYYFDYW		IGH	1	T	F	IGHV4-59	IGHJ4	IGHV4	IGHJ4	IMGT_CDR3	IN
200	200			T	IGHV3-NL1		IGHJ5								CTRKGLYSNLYYFDYW		IGH	1	T	F	IGHV3-NL1	IGHJ5	IGHV3	IGHJ5	IMGT_CDR3	IN
201	201			T	IGHV1-69		IGHJ3								CALRLLRPNWYFDVW		IGH	1	T	F	IGHV1-69	IGHJ3	IGHV1	IGHJ3	IMGT_CDR3	IN
202	202			T	IGHV3-23		IGHJ4								CARIFLSYYSNYVWFAYW		IGH	1	T	F	IGHV3-23	IGHJ4	IGHV3	IGHJ4	IMGT_CDR3	IN
203	203			T	IGHV4-59		IGHJ4								CAREFLYYYEAWFAYW		IGH	1	T	F	IGHV4-59	IGHJ4	IGHV4	IGHJ4	IMGT_CDR3	IN
204	204			T	IGHV3-NL1		IGHJ6								CAREILYSNLYYFDYW		IGH	1	T	F	IGHV3-NL1	IGHJ6	IGHV3	IGHJ6	IMGT_CDR3	IN
205	205			T	IGHV1-46		IGHJ3								CARWITTVPFYFDYW		IGH	1	T	F	IGHV1-46	IGHJ3	IGHV1	IGHJ3	IMGT_CDR3	IN
206	206			T	IGHV2-26		IGHJ6								CARGVWLRLNWYFDVW		IGH	1	T	F	IGHV2-26	IGHJ6	IGHV2	IGHJ6	IMGT_CDR3	IN
207	207			T	IGHV3-20		IGHJ4								CARDLQLGIHWYFDVW		IGH	1	T	F	IGHV3-20	IGHJ4	IGHV3	IGHJ4	IMGT_CDR3	IN
208	208			T	IGHV3-21		IGHJ4								CARHGLLWLRRGYYFDYW		IGH	1	T	F	IGHV3-21	IGHJ4	IGHV3	IGHJ4	IMGT_CDR3	IN
209	209			T	IGHV2-26		IGHJ4								CARRLLLPYYFDYW		IGH	1	T	F	IGHV2-26	IGHJ4	IGHV2	IGHJ4	IMGT_CDR3	IN
210	210			T	IGHV4-39		IGHJ4								CATPLLLPLYWYFDVW		IGH	1	T	F	IGHV4-39	IGHJ4	IGHV4	IGHJ4	IMGT_CDR3	IN
211	211			T	IGHV3-43D		IGHJ4								CTAPLYHLLLRYNYAMDYW		IGH	1	T	F	IGHV3-43D	IGHJ4	IGHV3	IGHJ4	IMGT_CDR3	IN
212	212			T	IGHV3-NL1		IGHJ4								CARRLVLNWYFDVW		IGH	1	T	F	IGHV3-NL1	IGHJ4	IGHV3	IGHJ4	IMGT_CDR3	IN
213	213			T	IGHV3-NL1		IGHJ4								CARSLITTVVATRGLGWYFDVW		IGH	1	T	F	IGHV3-NL1	IGHJ4	IGHV3	IGHJ4	IMGT_CDR3	IN
214	214			T	IGHV1-69		IGHJ5								CARRRAFVTTVVADWYFDVW		IGH	1	T	F	IGHV1-69	IGHJ5	IGHV1	IGHJ5	IMGT_CDR3	IN
215	215			T	IGHV7-4-1		IGHJ4								CARGFNWDLFFDYW		IGH	1	T	F	IGHV7-4-1	IGHJ4	IGHV7	IGHJ4	IMGT_CDR3	IN
216	216			T	IGHV3-23		IGHJ4								CARDRALYDYDGIYWYFDVW		IGH	1	T	F	IGHV3-23	IGHJ4	IGHV3	IGHJ4	IMGT_CDR3	IN
217	217			T	IGHV4-4		IGHJ5								CAILIYDYDRYWYFDVW		IGH	1	T	F	IGHV4-4	IGHJ5	IGHV4	IGHJ5	IMGT_CDR3	IN
218	218			T	IGHV3-NL1		IGHJ6								CARDRGVVATRGLYWYFDVW		IGH	1	T	F	IGHV3-NL1	IGHJ6	IGHV3	IGHJ6	IMGT_CDR3	IN
219	219			T	IGHV3-23		IGHJ5								CARGKLGQSLAWFAYW		IGH	1	T	F	IGHV3-23	IGHJ5	IGHV3	IGHJ5	IMGT_CDR3	IN
220	220			T	IGHV1-3		IGHJ6								CARFDWDVGYFDVW		IGH	1	T	F	IGHV1-3	IGHJ6	IGHV1	IGHJ6	IMGT_CDR3	IN
221	221			T	IGHV3-30		IGHJ5								CARDFVTTVVAHWYFDVW		IGH	1	T	F	IGHV3-30	IGHJ5	IGHV3	IGHJ5	IMGT_CDR3	IN
222	222			T	IGHV3-30		IGHJ4								CARLVANWDLFDYW		IGH	1	T	F	IGHV3-30	IGHJ4	IGHV3	IGHJ4	IMGT_CDR3	IN
223	223			T	IGHV3-49		IGHJ4								CVRAVLPVVATDWYFDVW		IGH	1	T	F	IGHV3-49	IGHJ4	IGHV3	IGHJ4	IMGT_CDR3	IN
224	224			T	IGHV3-NL1		IGHJ4								CARYLSLSYYFDYW		IGH	1	T	F	IGHV3-NL1	IGHJ4	IGHV3	IGHJ4	IMGT_CDR3	IN
225	225			T	IGHV3-20		IGHJ6								CARGGGITTVVATRGLDWYFDVW		IGH	1	T	F	IGHV3-20	IGHJ6	IGHV3	IGHJ6	IMGT_CDR3	IN
226	226			T	IGHV3-NL1		IGHJ4								CARRFVTTVVADWYFDVW		IGH	1	T	F	IGHV3-NL1	IGHJ4	IGHV3	IGHJ4	IMGT_CDR3	IN
227	227			T	IGHV3-7		IGHJ6								CARYLFIYDGYPFDYW		IGH	1	T	F	IGHV3-7	IGHJ6	IGHV3	IGHJ6	IMGT_CDR3	IN
228	228			T	IGHV5-51		IGHJ4								CARSGIYYDIIGFDYW		IGH	1	T	F	IGHV5-51	IGHJ4	IGHV5	IGHJ4	IMGT_CDR3	IN
229	229			T	IGHV1-18		IGHJ6								CARSIFWDVDTFDYW		IGH	1	T	F	IGHV1-18	IGHJ6	IGHV1	IGHJ6	IMGT_CDR3	IN
230	230			T	IGHV4-38-2		IGHJ4								CARSPLDAPGGFVTTVVAHWYFDVW		IGH	1	T	F	IGHV4-38-2	IGHJ4	IGHV4	IGHJ4	IMGT_CDR3	IN
231	231			T	IGHV1-18		IGHJ4								CARERVITSFYWYFDVW		IGH	1	T	F	IGHV1-18	IGHJ4	IGHV1	IGHJ4	IMGT_CDR3	IN
232	232			T	IGHV3-72		IGHJ4								CARRGWITTVVATRGLYWYFDVW		IGH	1	T	F	IGHV3-72	IGHJ4	IGHV3	IGHJ4	IMGT_CDR3	IN
233	233			T	IGHV1-18		IGHJ4								CASSFITTVVATRGLYWYFDVW		IGH	1	T	F	IGHV1-18	IGHJ4	IGHV1	IGHJ4	IMGT_CDR3	IN
234	234			T	IGHV3-66		IGHJ5								CALVGIYYGLYYAMDYW		IGH	1	T	F	IGHV3-66	IGHJ5	IGHV3	IGHJ5	IMGT_CDR3	IN
235	235			T	IGHV1-3		IGHJ4								CAREFVTTVVADWYFDVW		IGH	1	T	F	IGHV1-3	IGHJ4	IGHV1	IGHJ4	IMGT_CDR3	IN
236	236			T	IGHV3-43		IGHJ4								CARPSLGQGLAWFAYW		IGH	1	T	F	IGHV3-43	IGHJ4	IGHV3	IGHJ4	IMGT_CDR3	IN
237	237			T	IGHV3-23		IGHJ5								CARKRLLTTTVDWYFDVW		IGH	1	T	F	IGHV3-23	IGHJ5	IGHV3	IGHJ5	IMGT_CDR3	IN
238	238			T	IGHV3-21		IGHJ3								CARVLTTVVAPYYFDYW		IGH	1	T	F	IGHV3-21	IGHJ3	IGHV3	IGHJ3	IMGT_CDR3	IN
239	239			T	IGHV1-2		IGHJ6								CARILIYYYGGFAYW		IGH	1	T	F	IGHV1-2	IGHJ6	IGHV1	IGHJ6	IMGT_CDR3	IN
240	240			T	IGHV3-21		IGHJ6								CTIYYGYEVHWYFDVW		IGH	1	T	F	IGHV3-21	IGHJ6	IGHV3	IGHJ6	IMGT_CDR3	IN
241	241			T	IGHV3-NL1		IGHJ3								CARPGLGQGLAWFAYW		IGH	1	T	F	IGHV3-NL1	IGHJ3	IGHV3	IGHJ3	IMGT_CDR3	IN
242	242			T	IGHV4-38-2		IGHJ4								CVVLLRGGFDYAMDYW		IGH	1	T	F	IGHV4-38-2	IGHJ4	IGHV4	IGHJ4	IMGT_CDR3	IN
243	243			T	IGHV3-23		IGHJ4								CARLAVLGWYFDVW		IGH	1	T	F	IGHV3-23	IGHJ4	IGHV3	IGHJ4	IMGT_CDR3	IN
244	244			T	IGHV3-30		IGHJ6								CARSIITTVVATRGLYWYFDVW		IGH	1	T	F	IGHV3-30	IGHJ6	IGHV3	IGHJ6	IMGT_CDR3	IN
245	245			T	IGHV1-3		IGHJ4								CAREEIYYDYFNWYFDVW		IGH	1	T	F	IGHV1-3	IGHJ4	IGHV1	IGHJ4	IMGT_CDR3	IN
246	246			T	IGHV2-70		IGHJ1								CARWAVVATRGLYWYFDVW		IGH	1	T	F	IGHV2-70	IGHJ1	IGHV2	IGHJ1	IMGT_CDR3	IN
247	247			T	IGHV4-39		IGHJ6								CARSQLGQSLAWFAYW		IGH	1	T	F	IGHV4-39	IGHJ6	IGHV4	IGHJ6	IMGT_CDR3	IN
248	248			T	IGHV1-2		IGHJ5								CARWGGWLLPYYFDYW		IGH	1	T	F	IGHV1-2	IGHJ5	IGHV1	IGHJ5	IMGT_CDR3	IN
249	249			T	IGHV4-39		IGHJ4								CARFPSITTVVATRGLYWYFDVW		IGH	1	T	F	IGHV4-39	IGHJ4	IGHV4	IGHJ4	IMGT_CDR3	IN
250	250			T	IGHV4-38-2		IGHJ4								CARWGYDLWYFDVW		IGH	1	T	F	IGHV4-38-2	IGHJ4	IGHV4	IGHJ4	IMGT_CDR3	IN
251	251			T	IGHV1-46		IGHJ6								CARRPHITTVVATRGLYWYFDVW		IGH	1	T	F	IGHV1-46	IGHJ6	IGHV1	IGHJ6	IMGT_CDR3	IN
252	252			T	IGHV3-74		IGHJ5								CARSITTVVATRGLYWYFDVW		IGH	1	T	F	IGHV3-74	IGHJ5	IGHV3	IGHJ5	IMGT_CDR3	IN
253	253			T	IGHV1-3		IGHJ6								CAIGLWLVSYYFDYW		IGH	1	T	F	IGHV1-3	IGHJ6	IGHV1	IGHJ6	IMGT_CDR3	IN
254	254			T	IGHV4-4		IGHJ6								CAMNYDLAWFAYW		IGH	1	T	F	IGHV4-4	IGHJ6	IGHV4	IGHJ6	IMGT_CDR3	IN
255	255			T	IGHV1-3		IGHJ4								CARSLITTVRVNFDYW		IGH	1	T	F	IGHV1-3	IGHJ4	IGHV1	IGHJ4	IMGT_CDR3	IN
256	256			T	IGHV3-21		IGHJ4								CAILYYYGSSYWFAYW		IGH	1	T	F	IGHV3-21	IGHJ4	IGHV3	IGHJ4	IMGT_CDR3	IN
257	257			T	IGHV3-NL1		IGHJ5								CTRDPMEVVLPWFAYW		IGH	1	T	F	IGHV3-NL1	IGHJ5	IGHV3	IGHJ5	IMGT_CDR3	IN
258	258			T	IGHV3-7		IGHJ4								CARFAYSNIYWYFDVW		IGH	1	T	F	IGHV3-7	IGHJ4	IGHV3	IGHJ4	IMGT_CDR3	IN
259	259			T	IGHV4-38-2		IGHJ5								CAIPRLITTVVATRGLYWYFDVW		IGH	1	T	F	IGHV4-38-2	IGHJ5	IGHV4	IGHJ5	IMGT_CDR3	IN
260	260			T	IGHV1-3		IGHJ4								CTTLTAQVPLFAYW		IGH	1	T	F	IGHV1-3	IGHJ4	IGHV1	IGHJ4	IMGT_CDR3	IN
261	261			T	IGHV3-15		IGHJ5								CVRFGTSFWYFDVW		IGH	1	T	F	IGHV3-15	IGHJ5	IGHV3	IGHJ5	IMGT_CDR3	IN
262	262			T	IGHV7-4-1		IGHJ4								CTTFLTTVVAGFDVW		IGH	1	T	F	IGHV7-4-1	IGHJ4	IGHV7	IGHJ4	IMGT_CDR3	IN
263	263			T	IGHV4-28		IGHJ6								CARRGYFVTTVVAHWYFDVW		IGH	1	T	F	IGHV4-28	IGHJ6	IGHV4	IGHJ6	IMGT_CDR3	IN
264	264			T	IGHV4-59		IGHJ4								CTRLFVTTVVANWYFDVW		IGH	1	T	F	IGHV4-59	IGHJ4	IGHV4	IGHJ4	IMGT_CDR3	IN
265	265			T	IGHV3-13		IGHJ4								CARWHWGLYYFDYW		IGH	1	T	F	IGHV3-13	IGHJ4	IGHV3	IGHJ4	IMGT_CDR3	IN
266	266			T	IGHV3-43D		IGHJ4								CARERLGQLRLGFAYW		IGH	1	T	F	IGHV3-43D	IGHJ4	IGHV3	IGHJ4	IMGT_CDR3	IN
267	267			T	IGHV3-30		IGHJ6								CAREGYITTVVATRGLYWYFDVW		IGH	1	T	F	IGHV3-30	IGHJ6	IGHV3	IGHJ6	IMGT_CDR3	IN
268	268			T	IGHV3-15		IGHJ6								CARRLGQLRLWFAYW		IGH	1	T	F	IGHV3-15	IGHJ6	IGHV3	IGHJ6	IMGT_CDR3	IN
269	269			T	IGHV3-53		IGHJ5								CTRYLGGYYLYYAMDYW		IGH	1	T	F	IGHV3-53	IGHJ5	IGHV3	IGHJ5	IMGT_CDR3	IN
270	270			T	IGHV3-30-3		IGHJ4								CARLRFVTTVVAHWYFDVW		IGH	1	T	F	IGHV3-30-3	IGHJ4	IGHV3	IGHJ4	IMGT_CDR3	IN
271	271			T	IGHV5-51		IGHJ4								CARGITTVVATRGLYWYFDVW		IGH	1	T	F	IGHV5-51	IGHJ4	IGHV5	IGHJ4	IMGT_CDR3	IN
272	272			T	IGHV7-4-1		IGHJ4								CALITTVHTYWYFDVW		IGH	1	T	F	IGHV7-4-1	IGHJ4	IGHV7	IGHJ4	IMGT_CDR3	IN
273	273			T	IGHV1-46		IGHJ4								CARMGIYYDYGLAWFAYW		IGH	1	T	F	IGHV1-46	IGHJ4	IGHV1	IGHJ4	IMGT_CDR3	IN
274	274			T	IGHV6-1		IGHJ4								CASFVTTVVAKWYFDVW		IGH	1	T	F	IGHV6-1	IGHJ4	IGHV6	IGHJ4	IMGT_CDR3	IN
275	275			T	IGHV7-4-1		IGHJ3								CARPFIVYDFYYYAMDYW		IGH	1	T	F	IGHV7-4-1	IGHJ3	IGHV7	IGHJ3	IMGT_CDR3	IN
276	276			T	IGHV3-74		IGHJ6								CARTLFTTVVVTRDFDVW		IGH	1	T	F	IGHV3-74	IGHJ6	IGHV3	IGHJ6	IMGT_CDR3	IN
277	277			T	IGHV3-NL1		IGHJ3								CAHTVVATRGLYWYFDVW		IGH	1	T	F	IGHV3-NL1	IGHJ3	IGHV3	IGHJ3	IMGT_CDR3	IN
278	278			T	IGHV2-70		IGHJ6								CARWGYGLWYFDVW		IGH	1	T	F	IGHV2-70	IGHJ6	IGHV2	IGHJ6	IMGT_CDR3	IN
279	279			T	IGHV4-34		IGHJ4								CARLGQLRLRFAYW		IGH	1	T	F	IGHV4-34	IGHJ4	IGHV4	IGHJ4	IMGT_CDR3	IN
280	280			T	IGHV3-53		IGHJ4								CARSLGQGFFSYYFDYW		IGH	1	T	F	IGHV3-53	IGHJ4	IGHV3	IGHJ4	IMGT_CDR3	IN
281	281			T	IGHV1-46		IGHJ6								CARLTTVVATRGLYWYFDVW		IGH	1	T	F	IGHV1-46	IGHJ6	IGHV1	IGHJ6	IMGT_CDR3	IN
282	282			T	IGHV5-10-1		IGHJ6								CAIEIYDGYLFAYW		IGH	1	T	F	IGHV5-10-1	IGHJ6	IGHV5	IGHJ6	IMGT_CDR3	IN
283	283			T	IGHV1-46		IGHJ4								CANLLWSPPWFAYW		IGH	1	T	F	IGHV1-46	IGHJ4	IGHV1	IGHJ4	IMGT_CDR3	IN
284	284			T	IGHV5-51		IGHJ4								CARHEDVLTTVVASYYFDYW		IGH	1	T	F	IGHV5-51	IGHJ4	IGHV5	IGHJ4	IMGT_CDR3	IN
285	285			T	IGHV3-7		IGHJ4								CARETTVVATRGLYWYFDVW		IGH	1	T	F	IGHV3-7	IGHJ4	IGHV3	IGHJ4	IMGT_CDR3	IN
286	286			T	IGHV3-NL1		IGHJ6								CARREEITTVVATRGLYWYFDVW		IGH	1	T	F	IGHV3-NL1	IGHJ6	IGHV3	IGHJ6	IMGT_CDR3	IN
287	287			T	IGHV4-39		IGHJ4								CTRFNVGLRQFAYW		IGH	1	T	F	IGHV4-39	IGHJ4	IGHV4	IGHJ4	IMGT_CDR3	IN
288	288			T	IGHV3-13		IGHJ4								CARRVLTTVVAPYYFDYW		IGH	1	T	F	IGHV3-13	IGHJ4	IGHV3	IGHJ4	IMGT_CDR3	IN
289	289			T	IGHV3-NL1		IGHJ4								CTRREGLGQGLAWFAYW		IGH	1	T	F	IGHV3-NL1	IGHJ4	IGHV3	IGHJ4	IMGT_CDR3	IN
290	290			T	IGHV1-3		IGHJ4								CARYAFIITTVVDYAMDYW		IGH	1	T	F	IGHV1-3	IGHJ4	IGHV1	IGHJ4	IMGT_CDR3	IN
291	291			T	IGHV3-23		IGHJ4								CARYFDWDVGYFDVW		IGH	1	T	F	IGHV3-23	IGHJ4	IGHV3	IGHJ4	IMGT_CDR3	IN
292	292			T	IGHV1-3		IGHJ4								CTRESSYLRLAVVAFYAMDYW		IGH	1	T	F	IGHV1-3	IGHJ4	IGHV1	IGHJ4	IMGT_CDR3	IN
293	293			T	IGHV3-53		IGHJ1								CAPITTVVATRGLYWYFDVW		IGH	1	T	F	IGHV3-53	IGHJ1	IGHV3	IGHJ1	IMGT_CDR3	IN
294	294			T	IGHV1-18		IGHJ5								CARDGLGDGYFHWYFDVW		IGH	1	T	F	IGHV1-18	IGHJ5	IGHV1	IGHJ5	IMGT_CDR3	IN
295	295			T	IGHV1-18		IGHJ4								CARPWLRDVYWYFDVW		IGH	1	T	F	IGHV1-18	IGHJ4	IGHV1	IGHJ4	IMGT_CDR3	IN
296	296			T	IGHV3-21		IGHJ4								CARDFVTTVVADWYFDVW		IGH	1	T	F	IGHV3-21	IGHJ4	IGHV3	IGHJ4	IMGT_CDR3	IN
297	297			T	IGHV3-NL1		IGHJ4								CARQGIYYGITGFAYW		IGH	1	T	F	IGHV3-NL1	IGHJ4	IGHV3	IGHJ4	IMGT_CDR3	IN
298	298			T	IGHV3-13		IGHJ4								CARVLYYYGTDWYFDVW		IGH	1	T	F	IGHV3-13	IGHJ4	IGHV3	IGHJ4	IMGT_CDR3	IN
299	299			T	IGHV3-49		IGHJ2								CARRCDLYDGYYWNFLYFDYW		IGH	1	T	F	IGHV3-49	IGHJ2	IGHV3	IGHJ2	IMGT_CDR3	IN
300	300			T	IGHV3-20		IGHJ4								CARLVDGYYGLWFAYW		IGH	1	T	F	IGHV3-20	IGHJ4	IGHV3	IGHJ4	IMGT_CDR3	IN
301	301			T	IGHV7-4-1		IGHJ4								CARQIYYDYGLAWFAYW		IGH	1	T	F	IGHV7-4-1	IGHJ4	IGHV7	IGHJ4	IMGT_CDR3	IN
302	302			T	IGHV3-66		IGHJ4								CARGLLRSRGLYFDYW		IGH	1	T	F	IGHV3-66	IGHJ4	IGHV3	IGHJ4	IMGT_CDR3	IN
303	303			T	IGHV2-26		IGHJ4								CARIPRWLLPLHWYFDVW		IGH	1	T	F	IGHV2-26	IGHJ4	IGHV2	IGHJ4	IMGT_CDR3	IN
304	304			T	IGHV3-53		IGHJ4								CARWGGWLLRYYFDYW		IGH	1	T	F	IGHV3-53	IGHJ4	IGHV3	IGHJ4	IMGT_CDR3	IN
305	305			T	IGHV3-20		IGHJ4								CARRFVTTVVANWYFDVW		IGH	1	T	F	IGHV3-20	IGHJ4	IGHV3	IGHJ4	IMGT_CDR3	IN
306	306			T	IGHV1-46		IGHJ6								CAKPLMITTRLGYAMDYW		IGH	1	T	F	IGHV1-46	IGHJ6	IGHV1	IGHJ6	IMGT_CDR3	IN
307	307			T	IGHV4-38-2		IGHJ4								CAKGRVVATRGLYWYFDVW		IGH	1	T	F	IGHV4-38-2	IGHJ4	IGHV4	IGHJ4	IMGT_CDR3	IN
308	308			T	IGHV3-23		IGHJ4								CAREGIYYGITGFAYW		IGH	1	T	F	IGHV3-23	IGHJ4	IGHV3	IGHJ4	IMGT_CDR3	IN
309	309			T	IGHV3-23		IGHJ4								CARSPFVTTVVADWYFDVW		IGH	1	T	F	IGHV3-23	IGHJ4	IGHV3	IGHJ4	IMGT_CDR3	IN
310	310			T	IGHV3-15		IGHJ4								CARFGGWLLSGYFDVW		IGH	1	T	F	IGHV3-15	IGHJ4	IGHV3	IGHJ4	IMGT_CDR3	IN
311	311			T	IGHV1-2		IGHJ4								CARATVVATRGLYWYFDVW		IGH	1	T	F	IGHV1-2	IGHJ4	IGHV1	IGHJ4	IMGT_CDR3	IN
312	312			T	IGHV1-2		IGHJ4								CTTLIYYDFYFDYW		IGH	1	T	F	IGHV1-2	IGHJ4	IGHV1	IGHJ4	IMGT_CDR3	IN
313	313			T	IGHV3-NL1		IGHJ5								CTTEILITTVVAMDWYFDVW		IGH	1	T	F	IGHV3-NL1	IGHJ5	IGHV3	IGHJ5	IMGT_CDR3	IN
314	314			T	IGHV3-7		IGHJ4								CARIYYGITGFAYW		IGH	1	T	F	IGHV3-7	IGHJ4	IGHV3	IGHJ4	IMGT_CDR3	IN
315	315			T	IGHV3-7		IGHJ4								CALIYYDYDVAFAYW		IGH	1	T	F	IGHV3-7	IGHJ4	IGHV3	IGHJ4	IMGT_CDR3	IN
316	316			T	IGHV3-23		IGHJ4								CTRPPLFWYGSSYWYFDVW		IGH	1	T	F	IGHV3-23	IGHJ4	IGHV3	IGHJ4	IMGT_CDR3	IN
317	317			T	IGHV3-NL1		IGHJ3								CTRFVTTVVADWYFDVW		IGH	1	T	F	IGHV3-NL1	IGHJ3	IGHV3	IGHJ3	IMGT_CDR3	IN
318	318			T	IGHV3-7		IGHJ6								CAMTLYGSSVDLYFDYW		IGH	1	T	F	IGHV3-7	IGHJ6	IGHV3	IGHJ6	IMGT_CDR3	IN
319	319			T	IGHV4-61		IGHJ4								CARLVGKLSYFDYW		IGH	1	T	F	IGHV4-61	IGHJ4	IGHV4	IGHJ4	IMGT_CDR3	IN
320	320			T	IGHV4-34		IGHJ4								CARLGQLRLSFAYW		IGH	1	T	F	IGHV4-34	IGHJ4	IGHV4	IGHJ4	IMGT_CDR3	IN
321	321			T	IGHV2-70		IGHJ5								CARLGQLRLPFAYW		IGH	1	T	F	IGHV2-70	IGHJ5	IGHV2	IGHJ5	IMGT_CDR3	IN
322	322			T	IGHV4-39		IGHJ5								CTMFVTTVVANWYFDVW		IGH	1	T	F	IGHV4-39	IGHJ5	IGHV4	IGHJ5	IMGT_CDR3	IN
323	323			T	IGHV3-20		IGHJ4								CARTPLTTVVVPYYFDYW		IGH	1	T	F	IGHV3-20	IGHJ4	IGHV3	IGHJ4	IMGT_CDR3	IN
324	324			T	IGHV3-NL1		IGHJ1								CARWELGLVGYYFDDW		IGH	1	T	F	IGHV3-NL1	IGHJ1	IGHV3	IGHJ1	IMGT_CDR3	IN
325	325			T	IGHV3-23		IGHJ6								CAISIYDGYLFAYW		IGH	1	T	F	IGHV3-23	IGHJ6	IGHV3	IGHJ6	IMGT_CDR3	IN
326	326			T	IGHV3-30		IGHJ5								CARSVRQLRLPWYFDYW		IGH	1	T	F	IGHV3-30	IGHJ5	IGHV3	IGHJ5	IMGT_CDR3	IN
327	327			T	IGHV3-49		IGHJ4								CAKMAKVLLRTPLWYFDVW		IGH	1	T	F	IGHV3-49	IGHJ4	IGHV3	IGHJ4	IMGT_CDR3	IN
328	328			T	IGHV5-10-1		IGHJ4								CARWLYSNQSLYWYFDVW		IGH	1	T	F	IGHV5-10-1	IGHJ4	IGHV5	IGHJ4	IMGT_CDR3	IN
329	329			T	IGHV4-59		IGHJ4								CARFIITTVVDYAMDYW		IGH	1	T	F	IGHV4-59	IGHJ4	IGHV4	IGHJ4	IMGT_CDR3	IN
330	330			T	IGHV5-10-1		IGHJ4								CASGGLGLRGKILYFDVW		IGH	1	T	F	IGHV5-10-1	IGHJ4	IGHV5	IGHJ4	IMGT_CDR3	IN
331	331			T	IGHV1-2		IGHJ4								CARLPLYLSGMDYW		IGH	1	T	F	IGHV1-2	IGHJ4	IGHV1	IGHJ4	IMGT_CDR3	IN
332	332			T	IGHV3-21		IGHJ4								CAREGFVTTVVAHWYFDVW		IGH	1	T	F	IGHV3-21	IGHJ4	IGHV3	IGHJ4	IMGT_CDR3	IN
333	333			T	IGHV3-NL1		IGHJ6								CTRWRQLRLFLDYW		IGH	1	T	F	IGHV3-NL1	IGHJ6	IGHV3	IGHJ6	IMGT_CDR3	IN
334	334			T	IGHV3-NL1		IGHJ4								CAILITTVGGFFDYW		IGH	1	T	F	IGHV3-NL1	IGHJ4	IGHV3	IGHJ4	IMGT_CDR3	IN
335	335			T	IGHV3-20		IGHJ6								CTRLGQLRLQFAYW		IGH	1	T	F	IGHV3-20	IGHJ6	IGHV3	IGHJ6	IMGT_CDR3	IN
336	336			T	IGHV1-69		IGHJ6								CARRKGLGDGYFYWYFDVW		IGH	1	T	F	IGHV1-69	IGHJ6	IGHV1	IGHJ6	IMGT_CDR3	IN
337	337			T	IGHV3-11		IGHJ6								CARMRYYGLYWYFDVW		IGH	1	T	F	IGHV3-11	IGHJ6	IGHV3	IGHJ6	IMGT_CDR3	IN
338	338			T	IGHV3-48		IGHJ3								CARFPYDYFRYYFDYW		IGH	1	T	F	IGHV3-48	IGHJ3	IGHV3	IGHJ3	IMGT_CDR3	IN
339	339			T	IGHV4-39		IGHJ4								CARKTVVATRGLYWYFDVW		IGH	1	T	F	IGHV4-39	IGHJ4	IGHV4	IGHJ4	IMGT_CDR3	IN
340	340			T	IGHV3-48		IGHJ4								CARYDYDLNFYYFDYW		IGH	1	T	F	IGHV3-48	IGHJ4	IGHV3	IGHJ4	IMGT_CDR3	IN
341	341			T	IGHV7-4-1		IGHJ4								CARSLGDYGFPYYFDYW		IGH	1	T	F	IGHV7-4-1	IGHJ4	IGHV7	IGHJ4	IMGT_CDR3	IN
342	342			T	IGHV3-7		IGHJ4								CARNFGTTVVATRGLYWYFDVW		IGH	1	T	F	IGHV3-7	IGHJ4	IGHV3	IGHJ4	IMGT_CDR3	IN
343	343			T	IGHV3-NL1		IGHJ3								CARVAPIYYDYGLAWFAYW		IGH	1	T	F	IGHV3-NL1	IGHJ3	IGHV3	IGHJ3	IMGT_CDR3	IN
344	344			T	IGHV3-13		IGHJ4								CARELIITTVVRISYYAMDYW		IGH	1	T	F	IGHV3-13	IGHJ4	IGHV3	IGHJ4	IMGT_CDR3	IN
345	345			T	IGHV1-2		IGHJ4								CALTAQALYWYFDVW		IGH	1	T	F	IGHV1-2	IGHJ4	IGHV1	IGHJ4	IMGT_CDR3	IN
346	346			T	IGHV1-2		IGHJ4								CARILYYYGSSYWFAYW		IGH	1	T	F	IGHV1-2	IGHJ4	IGHV1	IGHJ4	IMGT_CDR3	IN
347	347			T	IGHV4-59		IGHJ4								CARIYDYDALTWYFDVW		IGH	1	T	F	IGHV4-59	IGHJ4	IGHV4	IGHJ4	IMGT_CDR3	IN
348	348			T	IGHV5-51		IGHJ4								CARFYSLNWYFDVW		IGH	1	T	F	IGHV5-51	IGHJ4	IGHV5	IGHJ4	IMGT_CDR3	IN
349	349			T	IGHV1-18		IGHJ3								CARRGVTTVVATRGLYWYFDVW		IGH	1	T	F	IGHV1-18	IGHJ3	IGHV1	IGHJ3	IMGT_CDR3	IN
350	350			T	IGHV3-53		IGHJ5								CARLGQLRLQFAYW		IGH	1	T	F	IGHV3-53	IGHJ5	IGHV3	IGHJ5	IMGT_CDR3	IN
351	351			T	IGHV3-23		IGHJ4								CARLGQLRLAFAYW		IGH	1	T	F	IGHV3-23	IGHJ4	IGHV3	IGHJ4	IMGT_CDR3	IN
352	352			T	IGHV3-43		IGHJ3								CAIGIYDGYLFAYW		IGH	1	T	F	IGHV3-43	IGHJ3	IGHV3	IGHJ3	IMGT_CDR3	IN
353	353			T	IGHV4-59		IGHJ4								CARGSIGGLLLRLDYW		IGH	1	T	F	IGHV4-59	IGHJ4	IGHV4	IGHJ4	IMGT_CDR3	IN
354	354			T	IGHV2-5		IGHJ1								CARVVATRGLGWYFDVW		IGH	1	T	F	IGHV2-5	IGHJ1	IGHV2	IGHJ1	IMGT_CDR3	IN
355	355			T	IGHV5-51		IGHJ4								CARGGVFTTVPLAWFAYW		IGH	1	T	F	IGHV5-51	IGHJ4	IGHV5	IGHJ4	IMGT_CDR3	IN
356	356			T	IGHV1-18		IGHJ3								CARLLYGSRMYFDVW		IGH	1	T	F	IGHV1-18	IGHJ3	IGHV1	IGHJ3	IMGT_CDR3	IN
357	357			T	IGHV1-2		IGHJ4								CARGELWLLRLFAYW		IGH	1	T	F	IGHV1-2	IGHJ4	IGHV1	IGHJ4	IMGT_CDR3	IN
358	358			T	IGHV3-48		IGHJ6								CARSGATVVATRGLYWYFDVW		IGH	1	T	F	IGHV3-48	IGHJ6	IGHV3	IGHJ6	IMGT_CDR3	IN
359	359			T	IGHV3-43D		IGHJ4								CARQGTVVATRGLYWYFDVW		IGH	1	T	F	IGHV3-43D	IGHJ4	IGHV3	IGHJ4	IMGT_CDR3	IN
360	360			T	IGHV3-21		IGHJ5								CIYGSSIYWYFDVW		IGH	1	T	F	IGHV3-21	IGHJ5	IGHV3	IGHJ5	IMGT_CDR3	IN
361	361			T	IGHV3-11		IGHJ5								CAIHFPWFAYW		IGH	1	T	F	IGHV3-11	IGHJ5	IGHV3	IGHJ5	IMGT_CDR3	IN
362	362			T	IGHV1-69		IGHJ6								CARWGLRLRGFAYW		IGH	1	T	F	IGHV1-69	IGHJ6	IGHV1	IGHJ6	IMGT_CDR3	IN
363	363			T	IGHV1-2		IGHJ6								CARLYDGYFSYYFDYW		IGH	1	T	F	IGHV1-2	IGHJ6	IGHV1	IGHJ6	IMGT_CDR3	IN
364	364			T	IGHV3-7		IGHJ4								CARSGFVTTVVAHWYFDVW		IGH	1	T	F	IGHV3-7	IGHJ4	IGHV3	IGHJ4	IMGT_CDR3	IN
365	365			T	IGHV4-61		IGHJ5								CARLWLRRGLGWAMDYW		IGH	1	T	F	IGHV4-61	IGHJ5	IGHV4	IGHJ5	IMGT_CDR3	IN
366	366			T	IGHV3-NL1		IGHJ4								CAREEAFVTTVVADWYFDVW		IGH	1	T	F	IGHV3-NL1	IGHJ4	IGHV3	IGHJ4	IMGT_CDR3	IN
367	367			T	IGHV1-18		IGHJ6								CARDLLIYYETPWFAYW		IGH	1	T	F	IGHV1-18	IGHJ6	IGHV1	IGHJ6	IMGT_CDR3	IN
368	368			T	IGHV3-66		IGHJ6								CARHEKLPLSYDGYAWFAYW		IGH	1	T	F	IGHV3-66	IGHJ6	IGHV3	IGHJ6	IMGT_CDR3	IN
369	369			T	IGHV3-NL1		IGHJ4								CARWELGLVGYYFDYW		IGH	1	T	F	IGHV3-NL1	IGHJ4	IGHV3	IGHJ4	IMGT_CDR3	IN
370	370			T	IGHV4-34		IGHJ3								CARYQLRLYYFDYW		IGH	1	T	F	IGHV4-34	IGHJ3	IGHV4	IGHJ3	IMGT_CDR3	IN
371	371			T	IGHV3-23		IGHJ5								CARFGWDLYYYAMDYW		IGH	1	T	F	IGHV3-23	IGHJ5	IGHV3	IGHJ5	IMGT_CDR3	IN
372	372			T	IGHV3-15		IGHJ6								CADIGLHFYWYFDVW		IGH	1	T	F	IGHV3-15	IGHJ6	IGHV3	IGHJ6	IMGT_CDR3	IN
373	373			T	IGHV4-4		IGHJ5								CARSLITTVPIPSHFDYW		IGH	1	T	F	IGHV4-4	IGHJ5	IGHV4	IGHJ5	IMGT_CDR3	IN
374	374			T	IGHV3-NL1		IGHJ4								CARMGQLRLQYYFDYW		IGH	1	T	F	IGHV3-NL1	IGHJ4	IGHV3	IGHJ4	IMGT_CDR3	IN
375	375			T	IGHV3-74		IGHJ6								CARDVLAYYSNFYWYFDVW		IGH	1	T	F	IGHV3-74	IGHJ6	IGHV3	IGHJ6	IMGT_CDR3	IN
376	376			T	IGHV3-13		IGHJ1								CAPITTVVAWGLGYFDVW		IGH	1	T	F	IGHV3-13	IGHJ1	IGHV3	IGHJ1	IMGT_CDR3	IN
377	377			T	IGHV3-49		IGHJ4								CARWVVATLEYYFDYW		IGH	1	T	F	IGHV3-49	IGHJ4	IGHV3	IGHJ4	IMGT_CDR3	IN
378	378			T	IGHV3-23		IGHJ6								CTRWQLRLPYFDYW		IGH	1	T	F	IGHV3-23	IGHJ6	IGHV3	IGHJ6	IMGT_CDR3	IN
379	379			T	IGHV3-49		IGHJ4								CVREGLLRLPFAYW		IGH	1	T	F	IGHV3-49	IGHJ4	IGHV3	IGHJ4	IMGT_CDR3	IN
380	380			T	IGHV5-51		IGHJ4								CARRGHLYDYDVGYYFDYW		IGH	1	T	F	IGHV5-51	IGHJ4	IGHV5	IGHJ4	IMGT_CDR3	IN
381	381			T	IGHV3-66		IGHJ4								CARGGYLLCQLGFAYW		IGH	1	T	F	IGHV3-66	IGHJ4	IGHV3	IGHJ4	IMGT_CDR3	IN
382	382			T	IGHV1-46		IGHJ6								CAREVMVTTAVYWYFDVW		IGH	1	T	F	IGHV1-46	IGHJ6	IGHV1	IGHJ6	IMGT_CDR3	IN
383	383			T	IGHV5-51		IGHJ4								CVALLWLRKYFDVW		IGH	1	T	F	IGHV5-51	IGHJ4	IGHV5	IGHJ4	IMGT_CDR3	IN
384	384			T	IGHV1-18		IGHJ4								CARTPLYLLWLRGGFDYW		IGH	1	T	F	IGHV1-18	IGHJ4	IGHV1	IGHJ4	IMGT_CDR3	IN
385	385			T	IGHV4-59		IGHJ4								CARSPITTVVATPSLYWYFDVW		IGH	1	T	F	IGHV4-59	IGHJ4	IGHV4	IGHJ4	IMGT_CDR3	IN
386	386			T	IGHV5-51		IGHJ5								CAVHYYGLGYYFDYW		IGH	1	T	F	IGHV5-51	IGHJ5	IGHV5	IGHJ5	IMGT_CDR3	IN
387	387			T	IGHV3-NL1		IGHJ6								CAIGFFDWYFDVW		IGH	1	T	F	IGHV3-NL1	IGHJ6	IGHV3	IGHJ6	IMGT_CDR3	IN
388	388			T	IGHV1-3		IGHJ4								CARMGQLRLPYYFDYW		IGH	1	T	F	IGHV1-3	IGHJ4	IGHV1	IGHJ4	IMGT_CDR3	IN
389	389			T	IGHV7-4-1		IGHJ5								CARFLTFTTVEVPYWYFDVW		IGH	1	T	F	IGHV7-4-1	IGHJ5	IGHV7	IGHJ5	IMGT_CDR3	IN
390	390			T	IGHV3-30-3		IGHJ4								CARLRYDYVLFDYW		IGH	1	T	F	IGHV3-30-3	IGHJ4	IGHV3	IGHJ4	IMGT_CDR3	IN
391	391			T	IGHV3-64		IGHJ6								CARFFDYGLFYYAMDYW		IGH	1	T	F	IGHV3-64	IGHJ6	IGHV3	IGHJ6	IMGT_CDR3	IN
392	392			T	IGHV3-66		IGHJ5								CATGLLWLRRIDYYAMDYW		IGH	1	T	F	IGHV3-66	IGHJ5	IGHV3	IGHJ5	IMGT_CDR3	IN
393	393			T	IGHV3-NL1		IGHJ6								CARGGDLLWLRRIDYYAMDYW		IGH	1	T	F	IGHV3-NL1	IGHJ6	IGHV3	IGHJ6	IMGT_CDR3	IN
394	394			T	IGHV3-66		IGHJ4								CARGLLWLRRISYYAMDYW		IGH	1	T	F	IGHV3-66	IGHJ4	IGHV3	IGHJ4	IMGT_CDR3	IN
395	395			T	IGHV3-53		IGHJ4								CVRGMVMYWYFDVW		IGH	1	T	F	IGHV3-53	IGHJ4	IGHV3	IGHJ4	IMGT_CDR3	IN
396	396			T	IGHV3-66		IGHJ4								CARLSGFITVVAHWYFDVW		IGH	1	T	F	IGHV3-66	IGHJ4	IGHV3	IGHJ4	IMGT_CDR3	IN
397	397			T	IGHV7-4-1		IGHJ4								CARYQLGLYYFDYW		IGH	1	T	F	IGHV7-4-1	IGHJ4	IGHV7	IGHJ4	IMGT_CDR3	IN
398	398			T	IGHV4-59		IGHJ5								CANDLLWLRRIDYYAMDYW		IGH	1	T	F	IGHV4-59	IGHJ5	IGHV4	IGHJ5	IMGT_CDR3	IN
399	399			T	IGHV3-30		IGHJ6								CARWLITTVVANYFDYW		IGH	1	T	F	IGHV3-30	IGHJ6	IGHV3	IGHJ6	IMGT_CDR3	IN
400	400			T	IGHV1-2		IGHJ6								CARIGAYYMTLRYFDVW		IGH	1	T	F	IGHV1-2	IGHJ6	IGHV1	IGHJ6	IMGT_CDR3	IN
401	401			T	IGHV3-43		IGHJ3								CAILLWLRRIEYYAMDYW		IGH	1	T	F	IGHV3-43	IGHJ3	IGHV3	IGHJ3	IMGT_CDR3	IN
402	402			T	IGHV4-39		IGHJ4								CALGLAVVPLDYAMDYW		IGH	1	T	F	IGHV4-39	IGHJ4	IGHV4	IGHJ4	IMGT_CDR3	IN
403	403			T	IGHV5-10-1		IGHJ3								CARLEGQLRLRYYFDYW		IGH	1	T	F	IGHV5-10-1	IGHJ3	IGHV5	IGHJ3	IMGT_CDR3	IN
404	404			T	IGHV2-70		IGHJ4								CTTLSDGYFYWYFDVW		IGH	1	T	F	IGHV2-70	IGHJ4	IGHV2	IGHJ4	IMGT_CDR3	IN
405	405			T	IGHV3-53		IGHJ6								CARTLAYYSNFYWYFDVW		IGH	1	T	F	IGHV3-53	IGHJ6	IGHV3	IGHJ6	IMGT_CDR3	IN
406	406			T	IGHV2-70		IGHJ4								CARTLTVPLYAMDYW		IGH	1	T	F	IGHV2-70	IGHJ4	IGHV2	IGHJ4	IMGT_CDR3	IN
407	407			T	IGHV1-3		IGHJ6								CVRLAYYSNFYWYFDVW		IGH	1	T	F	IGHV1-3	IGHJ6	IGHV1	IGHJ6	IMGT_CDR3	IN
408	408			T	IGHV5-10-1		IGHJ3								CARYLLWLRGGFDYW		IGH	1	T	F	IGHV5-10-1	IGHJ3	IGHV5	IGHJ3	IMGT_CDR3	IN
409	409			T	IGHV1-18		IGHJ4								CARLYDYDGFPYYFDYW		IGH	1	T	F	IGHV1-18	IGHJ4	IGHV1	IGHJ4	IMGT_CDR3	IN
410	410			T	IGHV3-74		IGHJ6								CARWEITLYYFDYW		IGH	1	T	F	IGHV3-74	IGHJ6	IGHV3	IGHJ6	IMGT_CDR3	IN
411	411			T	IGHV3-49		IGHJ6								CASLPYNLWGAWFAYW		IGH	1	T	F	IGHV3-49	IGHJ6	IGHV3	IGHJ6	IMGT_CDR3	IN
412	412			T	IGHV4-34		IGHJ5								CTTSLAYYSNFYWYFDVW		IGH	1	T	F	IGHV4-34	IGHJ5	IGHV4	IGHJ5	IMGT_CDR3	IN
413	413			T	IGHV3-NL1		IGHJ6								CARITTVVATPSLYWYFDVW		IGH	1	T	F	IGHV3-NL1	IGHJ6	IGHV3	IGHJ6	IMGT_CDR3	IN
414	414			T	IGHV3-15		IGHJ4								CARRTTVVATPSLGWYFDVW		IGH	1	T	F	IGHV3-15	IGHJ4	IGHV3	IGHJ4	IMGT_CDR3	IN
415	415			T	IGHV3-NL1		IGHJ5								CASRLLWLRSAWFAYW		IGH	1	T	F	IGHV3-NL1	IGHJ5	IGHV3	IGHJ5	IMGT_CDR3	IN
416	416			T	IGHV3-15		IGHJ3								CTRLFTPFYAMDYW		IGH	1	T	F	IGHV3-15	IGHJ3	IGHV3	IGHJ3	IMGT_CDR3	IN
417	417			T	IGHV3-23		IGHJ4								CAIRGGLPLFAYW		IGH	1	T	F	IGHV3-23	IGHJ4	IGHV3	IGHJ4	IMGT_CDR3	IN
418	418			T	IGHV3-13		IGHJ4								CARHVVYGYDVPWYFDVW		IGH	1	T	F	IGHV3-13	IGHJ4	IGHV3	IGHJ4	IMGT_CDR3	IN
419	419			T	IGHV3-13		IGHJ4								CARVVATPSLYWYFDVW		IGH	1	T	F	IGHV3-13	IGHJ4	IGHV3	IGHJ4	IMGT_CDR3	IN
420	420			T	IGHV3-53		IGHJ4								CARLLTTVVATGVLGYAMDYW		IGH	1	T	F	IGHV3-53	IGHJ4	IGHV3	IGHJ4	IMGT_CDR3	IN
421	421			T	IGHV4-39		IGHJ6								CARCLTTVVWYFDVW		IGH	1	T	F	IGHV4-39	IGHJ6	IGHV4	IGHJ6	IMGT_CDR3	IN
422	422			T	IGHV1-2		IGHJ4								CARVLGRVYWYFDVW		IGH	1	T	F	IGHV1-2	IGHJ4	IGHV1	IGHJ4	IMGT_CDR3	IN
423	423			T	IGHV1-3		IGHJ6								CGREGLAYYSNFHWYFDVW		IGH	1	T	F	IGHV1-3	IGHJ6	IGHV1	IGHJ6	IMGT_CDR3	IN
424	424			T	IGHV3-7		IGHJ4								CARSTYDYGFSLFAYW		IGH	1	T	F	IGHV3-7	IGHJ4	IGHV3	IGHJ4	IMGT_CDR3	IN
425	425			T	IGHV5-51		IGHJ4								CARRINWDLSYFDYW		IGH	1	T	F	IGHV5-51	IGHJ4	IGHV5	IGHJ4	IMGT_CDR3	IN
426	426			T	IGHV1-2		IGHJ5								CARVMVTTAVYWYFDVW		IGH	1	T	F	IGHV1-2	IGHJ5	IGHV1	IGHJ5	IMGT_CDR3	IN
427	427			T	IGHV3-23		IGHJ5								CALAYYSNFYWYFDVW		IGH	1	T	F	IGHV3-23	IGHJ5	IGHV3	IGHJ5	IMGT_CDR3	IN
428	428			T	IGHV3-9		IGHJ4								CARNLGYGSSLWLYFDVW		IGH	1	T	F	IGHV3-9	IGHJ4	IGHV3	IGHJ4	IMGT_CDR3	IN
429	429			T	IGHV1-2		IGHJ4								CARKTTVVATPSLYWYFDVW		IGH	1	T	F	IGHV1-2	IGHJ4	IGHV1	IGHJ4	IMGT_CDR3	IN
430	430			T	IGHV3-20		IGHJ2								CARWNDLYWNLYFDYW		IGH	1	T	F	IGHV3-20	IGHJ2	IGHV3	IGHJ2	IMGT_CDR3	IN
431	431			T	IGHV3-66		IGHJ6								CARGGMVTTVFHWYFDVW		IGH	1	T	F	IGHV3-66	IGHJ6	IGHV3	IGHJ6	IMGT_CDR3	IN
432	432			T	IGHV3-7		IGHJ6								CGRAYFIYYGSSWYFDVW		IGH	1	T	F	IGHV3-7	IGHJ6	IGHV3	IGHJ6	IMGT_CDR3	IN
433	433			T	IGHV5-51		IGHJ4								CARCFLSRGNYYWYFDVW		IGH	1	T	F	IGHV5-51	IGHJ4	IGHV5	IGHJ4	IMGT_CDR3	IN
434	434			T	IGHV3-21		IGHJ4								CLYYGNFGSYFDYW		IGH	1	T	F	IGHV3-21	IGHJ4	IGHV3	IGHJ4	IMGT_CDR3	IN
435	435			T	IGHV2-70		IGHJ5								CATGLLWLRRIEYYAMDYW		IGH	1	T	F	IGHV2-70	IGHJ5	IGHV2	IGHJ5	IMGT_CDR3	IN
436	436			T	IGHV3-49		IGHJ6								CARMGQLRLRYYFDYW		IGH	1	T	F	IGHV3-49	IGHJ6	IGHV3	IGHJ6	IMGT_CDR3	IN
437	437			T	IGHV3-15		IGHJ4								CARSLLLLRYQSPVFDYW		IGH	1	T	F	IGHV3-15	IGHJ4	IGHV3	IGHJ4	IMGT_CDR3	IN
438	438			T	IGHV3-23		IGHJ4								CARREGLLWSLDYAMDYW		IGH	1	T	F	IGHV3-23	IGHJ4	IGHV3	IGHJ4	IMGT_CDR3	IN
439	439			T	IGHV3-64		IGHJ4								CARVTTVVATPSLYWYFDVW		IGH	1	T	F	IGHV3-64	IGHJ4	IGHV3	IGHJ4	IMGT_CDR3	IN
440	440			T	IGHV2-5		IGHJ4								CARSGLLWLRRIEYYAMDYW		IGH	1	T	F	IGHV2-5	IGHJ4	IGHV2	IGHJ4	IMGT_CDR3	IN
441	441			T	IGHV3-7		IGHJ6								CTILLRFPFDYW		IGH	1	T	F	IGHV3-7	IGHJ6	IGHV3	IGHJ6	IMGT_CDR3	IN
442	442			T	IGHV3-7		IGHJ4								CTTISGQLRLWNYFDYW		IGH	1	T	F	IGHV3-7	IGHJ4	IGHV3	IGHJ4	IMGT_CDR3	IN
443	443			T	IGHV3-15		IGHJ4								CARGVLGRVYWYFDVW		IGH	1	T	F	IGHV3-15	IGHJ4	IGHV3	IGHJ4	IMGT_CDR3	IN
444	444			T	IGHV3-23		IGHJ6								CARLAYYSNFYWYFDVW		IGH	1	T	F	IGHV3-23	IGHJ6	IGHV3	IGHJ6	IMGT_CDR3	IN
445	445			T	IGHV3-23		IGHJ4								CFLYYYGGSYGFAYW		IGH	1	T	F	IGHV3-23	IGHJ4	IGHV3	IGHJ4	IMGT_CDR3	IN
446	446			T	IGHV3-30		IGHJ4								CARRRGIITTVVATPFIDVW		IGH	1	T	F	IGHV3-30	IGHJ4	IGHV3	IGHJ4	IMGT_CDR3	IN
447	447			T	IGHV1-69		IGHJ1								CARLAYYSNFDWYFDVW		IGH	1	T	F	IGHV1-69	IGHJ1	IGHV1	IGHJ1	IMGT_CDR3	IN
448	448			T	IGHV3-21		IGHJ3								CARGPLLWLRSAWFAYW		IGH	1	T	F	IGHV3-21	IGHJ3	IGHV3	IGHJ3	IMGT_CDR3	IN
449	449			T	IGHV3-30		IGHJ4								CARKGLGSSFIYWYFDVW		IGH	1	T	F	IGHV3-30	IGHJ4	IGHV3	IGHJ4	IMGT_CDR3	IN
450	450			T	IGHV4-4		IGHJ4								CASLITTVVATFWYFDVW		IGH	1	T	F	IGHV4-4	IGHJ4	IGHV4	IGHJ4	IMGT_CDR3	IN
451	451			T	IGHV1-45		IGHJ6								CARSRSDLLWLRRIEYYAMDYW		IGH	1	T	F	IGHV1-45	IGHJ6	IGHV1	IGHJ6	IMGT_CDR3	IN
452	452			T	IGHV3-66		IGHJ4								CARFLYDYDALYYYAMDYW		IGH	1	T	F	IGHV3-66	IGHJ4	IGHV3	IGHJ4	IMGT_CDR3	IN
453	453			T	IGHV3-53		IGHJ4								CARSGDLLWLRRIDYYAMDYW		IGH	1	T	F	IGHV3-53	IGHJ4	IGHV3	IGHJ4	IMGT_CDR3	IN
454	454			T	IGHV4-39		IGHJ4								CATGDLFITTFNGAAWFAYW		IGH	1	T	F	IGHV4-39	IGHJ4	IGHV4	IGHJ4	IMGT_CDR3	IN
455	455			T	IGHV3-NL1		IGHJ4								CARSLYSNYFDWYFDVW		IGH	1	T	F	IGHV3-NL1	IGHJ4	IGHV3	IGHJ4	IMGT_CDR3	IN
456	456			T	IGHV1-3		IGHJ4								CARWAYDFSWFAYW		IGH	1	T	F	IGHV1-3	IGHJ4	IGHV1	IGHJ4	IMGT_CDR3	IN
457	457			T	IGHV3-23		IGHJ4								CAKKGLIQLRLRGDWFAYW		IGH	1	T	F	IGHV3-23	IGHJ4	IGHV3	IGHJ4	IMGT_CDR3	IN
458	458			T	IGHV2-26		IGHJ6								CARYPLWLRLVDYW		IGH	1	T	F	IGHV2-26	IGHJ6	IGHV2	IGHJ6	IMGT_CDR3	IN
459	459			T	IGHV3-NL1		IGHJ6								CVSLFPWYFDVW		IGH	1	T	F	IGHV3-NL1	IGHJ6	IGHV3	IGHJ6	IMGT_CDR3	IN
460	460			T	IGHV4-61		IGHJ4								CASEGNLGQLRLRGWFAYW		IGH	1	T	F	IGHV4-61	IGHJ4	IGHV4	IGHJ4	IMGT_CDR3	IN
461	461			T	IGHV4-59		IGHJ4								CARMGYGFWYFDVW		IGH	1	T	F	IGHV4-59	IGHJ4	IGHV4	IGHJ4	IMGT_CDR3	IN
462	462			T	IGHV3-15		IGHJ6								CARVVYYGIPYYFDYW		IGH	1	T	F	IGHV3-15	IGHJ6	IGHV3	IGHJ6	IMGT_CDR3	IN
463	463			T	IGHV4-39		IGHJ5								CTLLLYYGSSPYFDYW		IGH	1	T	F	IGHV4-39	IGHJ5	IGHV4	IGHJ5	IMGT_CDR3	IN
464	464			T	IGHV5-51		IGHJ4								CARYQLALYYFDYW		IGH	1	T	F	IGHV5-51	IGHJ4	IGHV5	IGHJ4	IMGT_CDR3	IN
465	465			T	IGHV5-10-1		IGHJ6								CAREGWIYYYGSSFYFDYW		IGH	1	T	F	IGHV5-10-1	IGHJ6	IGHV5	IGHJ6	IMGT_CDR3	IN
466	466			T	IGHV3-23		IGHJ4								CARVPIIYYGNFERYFDVW		IGH	1	T	F	IGHV3-23	IGHJ4	IGHV3	IGHJ4	IMGT_CDR3	IN
467	467			T	IGHV3-NL1		IGHJ4								CARDLLLRSPCFPYW		IGH	1	T	F	IGHV3-NL1	IGHJ4	IGHV3	IGHJ4	IMGT_CDR3	IN
468	468			T	IGHV1-3		IGHJ4								CTTSLLWLRRIDYYAMDYW		IGH	1	T	F	IGHV1-3	IGHJ4	IGHV1	IGHJ4	IMGT_CDR3	IN
469	469			T	IGHV3-15		IGHJ4								CARLGGSIFYWYFDVW		IGH	1	T	F	IGHV3-15	IGHJ4	IGHV3	IGHJ4	IMGT_CDR3	IN
470	470			T	IGHV7-4-1		IGHJ6								CTTWWLPLSAMDYW		IGH	1	T	F	IGHV7-4-1	IGHJ6	IGHV7	IGHJ6	IMGT_CDR3	IN
471	471			T	IGHV3-21		IGHJ4								CTVWLRLEAWFAYW		IGH	1	T	F	IGHV3-21	IGHJ4	IGHV3	IGHJ4	IMGT_CDR3	IN
472	472			T	IGHV1-2		IGHJ4								CARDPVGVSLYWFDYW		IGH	1	T	F	IGHV1-2	IGHJ4	IGHV1	IGHJ4	IMGT_CDR3	IN
473	473			T	IGHV3-7		IGHJ4								CAREGFIYYYGSSFPFAYW		IGH	1	T	F	IGHV3-7	IGHJ4	IGHV3	IGHJ4	IMGT_CDR3	IN
474	474			T	IGHV3-13		IGHJ6								CARYLAYYSNFHWYFDVW		IGH	1	T	F	IGHV3-13	IGHJ6	IGHV3	IGHJ6	IMGT_CDR3	IN
475	475			T	IGHV3-74		IGHJ4								CARLLTGTPYSYYFDYW		IGH	1	T	F	IGHV3-74	IGHJ4	IGHV3	IGHJ4	IMGT_CDR3	IN
476	476			T	IGHV3-23		IGHJ3								CARFDGYPFYWYFDVW		IGH	1	T	F	IGHV3-23	IGHJ3	IGHV3	IGHJ3	IMGT_CDR3	IN
477	477			T	IGHV3-NL1		IGHJ4								CAREGLAYYSNFNWYFDVW		IGH	1	T	F	IGHV3-NL1	IGHJ4	IGHV3	IGHJ4	IMGT_CDR3	IN
478	478			T	IGHV5-51		IGHJ4								CAIQLRLGGSWFAYW		IGH	1	T	F	IGHV5-51	IGHJ4	IGHV5	IGHJ4	IMGT_CDR3	IN
479	479			T	IGHV3-7		IGHJ4								CARSDLRLPARGLAWFAYW		IGH	1	T	F	IGHV3-7	IGHJ4	IGHV3	IGHJ4	IMGT_CDR3	IN
480	480			T	IGHV1-2		IGHJ4								CVRPYDLGWYFDVW		IGH	1	T	F	IGHV1-2	IGHJ4	IGHV1	IGHJ4	IMGT_CDR3	IN
481	481			T	IGHV3-13		IGHJ4								CGLTGTFSWFAYW		IGH	1	T	F	IGHV3-13	IGHJ4	IGHV3	IGHJ4	IMGT_CDR3	IN
482	482			T	IGHV3-21		IGHJ3								CAIGGAYYTLFFAYW		IGH	1	T	F	IGHV3-21	IGHJ3	IGHV3	IGHJ3	IMGT_CDR3	IN
483	483			T	IGHV4-59		IGHJ5								CVREGQLRLYFDYW		IGH	1	T	F	IGHV4-59	IGHJ5	IGHV4	IGHJ5	IMGT_CDR3	IN
484	484			T	IGHV3-9		IGHJ4								CARHITTVVVQYYFDYW		IGH	1	T	F	IGHV3-9	IGHJ4	IGHV3	IGHJ4	IMGT_CDR3	IN
485	485			T	IGHV4-39		IGHJ4								CARHGDYSNFVLPWYFDVW		IGH	1	T	F	IGHV4-39	IGHJ4	IGHV4	IGHJ4	IMGT_CDR3	IN
486	486			T	IGHV3-7		IGHJ4								CARGGGLYYGYALYFDYW		IGH	1	T	F	IGHV3-7	IGHJ4	IGHV3	IGHJ4	IMGT_CDR3	IN
487	487			T	IGHV3-53		IGHJ4								CTTTLVGTVAWFAYW		IGH	1	T	F	IGHV3-53	IGHJ4	IGHV3	IGHJ4	IMGT_CDR3	IN
488	488			T	IGHV4-61		IGHJ3								CARDVLYYDYDGFWFAYW		IGH	1	T	F	IGHV4-61	IGHJ3	IGHV4	IGHJ3	IMGT_CDR3	IN
489	489			T	IGHV4-34		IGHJ3								CALTGTFSWFAYW		IGH	1	T	F	IGHV4-34	IGHJ3	IGHV4	IGHJ3	IMGT_CDR3	IN
490	490			T	IGHV3-13		IGHJ4								CVREGQLRLYFAYW		IGH	1	T	F	IGHV3-13	IGHJ4	IGHV3	IGHJ4	IMGT_CDR3	IN
491	491			T	IGHV4-38-2		IGHJ4								CAREVGWLLRLGCAMDYW		IGH	1	T	F	IGHV4-38-2	IGHJ4	IGHV4	IGHJ4	IMGT_CDR3	IN
492	492			T	IGHV3-23		IGHJ4								CALGLYDYGIRFAYW		IGH	1	T	F	IGHV3-23	IGHJ4	IGHV3	IGHJ4	IMGT_CDR3	IN
493	493			T	IGHV3-20		IGHJ4								CAIGQLGLGAWFAYW		IGH	1	T	F	IGHV3-20	IGHJ4	IGHV3	IGHJ4	IMGT_CDR3	IN
494	494			T	IGHV3-74		IGHJ4								CARRGLLRLPLAMDYW		IGH	1	T	F	IGHV3-74	IGHJ4	IGHV3	IGHJ4	IMGT_CDR3	IN
495	495			T	IGHV3-23		IGHJ4								CARDLGQLRLEFAYW		IGH	1	T	F	IGHV3-23	IGHJ4	IGHV3	IGHJ4	IMGT_CDR3	IN
496	496			T	IGHV3-53		IGHJ6								CAVSRQLRLLFDYW		IGH	1	T	F	IGHV3-53	IGHJ6	IGHV3	IGHJ6	IMGT_CDR3	IN
497	497			T	IGHV1-2		IGHJ4								CARLDYGWAWFAYW		IGH	1	T	F	IGHV1-2	IGHJ4	IGHV1	IGHJ4	IMGT_CDR3	IN
498	498			T	IGHV3-30-3		IGHJ6								CARLRELGLWFAYW		IGH	1	T	F	IGHV3-30-3	IGHJ6	IGHV3	IGHJ6	IMGT_CDR3	IN
499	499			T	IGHV1-45		IGHJ4								CAIFAWGYYRFAYW		IGH	1	T	F	IGHV1-45	IGHJ4	IGHV1	IGHJ4	IMGT_CDR3	IN
500	500			T	IGHV1-69		IGHJ6								CAREGVITTVVAGGSLRWYFDVW		IGH	1	T	F	IGHV1-69	IGHJ6	IGHV1	IGHJ6	IMGT_CDR3	IN
501	501			T	IGHV3-23		IGHJ4								CARGEVLYYGTLAWFAYW		IGH	1	T	F	IGHV3-23	IGHJ4	IGHV3	IGHJ4	IMGT_CDR3	IN
502	502			T	IGHV3-49		IGHJ6								CALANWGFSAWFAYW		IGH	1	T	F	IGHV3-49	IGHJ6	IGHV3	IGHJ6	IMGT_CDR3	IN
503	503			T	IGHV4-38-2		IGHJ3								CARSLLLRYPAEGFAYW		IGH	1	T	F	IGHV4-38-2	IGHJ3	IGHV4	IGHJ3	IMGT_CDR3	IN
504	504			T	IGHV4-34		IGHJ4								CAGWLLRLGCAMDYW		IGH	1	T	F	IGHV4-34	IGHJ4	IGHV4	IGHJ4	IMGT_CDR3	IN
505	505			T	IGHV3-21		IGHJ6								CARSNLLLRIHWYFDVW		IGH	1	T	F	IGHV3-21	IGHJ6	IGHV3	IGHJ6	IMGT_CDR3	IN
506	506			T	IGHV3-73		IGHJ1								CARLLRVSWYFDVW		IGH	1	T	F	IGHV3-73	IGHJ1	IGHV3	IGHJ1	IMGT_CDR3	IN
507	507			T	IGHV1-2		IGHJ6								CAREALLLRHEGWYFDVW		IGH	1	T	F	IGHV1-2	IGHJ6	IGHV1	IGHJ6	IMGT_CDR3	IN
508	508			T	IGHV1-58		IGHJ4								CARDRMVLRCLGLTGTWYFDVW		IGH	1	T	F	IGHV1-58	IGHJ4	IGHV1	IGHJ4	IMGT_CDR3	IN
509	509			T	IGHV3-73		IGHJ4								CARDGYYVELRYFDVW		IGH	1	T	F	IGHV3-73	IGHJ4	IGHV3	IGHJ4	IMGT_CDR3	IN
510	510			T	IGHV3-30		IGHJ6								CARMLWDYPWYFDVW		IGH	1	T	F	IGHV3-30	IGHJ6	IGHV3	IGHJ6	IMGT_CDR3	IN
511	511			T	IGHV3-23		IGHJ3								CARGEFLVYYYGSFDYW		IGH	1	T	F	IGHV3-23	IGHJ3	IGHV3	IGHJ3	IMGT_CDR3	IN
512	512			T	IGHV4-34		IGHJ4								CARPLIFPITTVVAHYAMDYW		IGH	1	T	F	IGHV4-34	IGHJ4	IGHV4	IGHJ4	IMGT_CDR3	IN
513	513			T	IGHV1-18		IGHJ5								CAYLTGTGMDWYFDVW		IGH	1	T	F	IGHV1-18	IGHJ5	IGHV1	IGHJ5	IMGT_CDR3	IN
514	514			T	IGHV3-74		IGHJ4								CARWLLSLYYAMDYW		IGH	1	T	F	IGHV3-74	IGHJ4	IGHV3	IGHJ4	IMGT_CDR3	IN
515	515			T	IGHV4-39		IGHJ4								CARSYDYDLPFFAYW		IGH	1	T	F	IGHV4-39	IGHJ4	IGHV4	IGHJ4	IMGT_CDR3	IN
516	516			T	IGHV3-20		IGHJ4								CTRWELTLNYFDYW		IGH	1	T	F	IGHV3-20	IGHJ4	IGHV3	IGHJ4	IMGT_CDR3	IN
517	517			T	IGHV3-13		IGHJ6								CAIDYDGYLLLSMDYW		IGH	1	T	F	IGHV3-13	IGHJ6	IGHV3	IGHJ6	IMGT_CDR3	IN
518	518			T	IGHV6-1		IGHJ4								CVGGWLLPFAYW		IGH	1	T	F	IGHV6-1	IGHJ4	IGHV6	IGHJ4	IMGT_CDR3	IN
519	519			T	IGHV4-34		IGHJ4								CASTLHYDYALDWFAYW		IGH	1	T	F	IGHV4-34	IGHJ4	IGHV4	IGHJ4	IMGT_CDR3	IN
520	520			T	IGHV3-72		IGHJ4								CARLSGSLPLFDYW		IGH	1	T	F	IGHV3-72	IGHJ4	IGHV3	IGHJ4	IMGT_CDR3	IN
521	521			T	IGHV3-53		IGHJ5								CAICRWLPLSMDYW		IGH	1	T	F	IGHV3-53	IGHJ5	IGHV3	IGHJ5	IMGT_CDR3	IN
522	522			T	IGHV3-30-3		IGHJ5								CARKGFRYGSFSYYFDYW		IGH	1	T	F	IGHV3-30-3	IGHJ5	IGHV3	IGHJ5	IMGT_CDR3	IN
523	523			T	IGHV3-53		IGHJ4								CASLLYGSSSLYWYFDVW		IGH	1	T	F	IGHV3-53	IGHJ4	IGHV3	IGHJ4	IMGT_CDR3	IN
524	524			T	IGHV4-34		IGHJ5								CTRSLFTTVVPYYFDYW		IGH	1	T	F	IGHV4-34	IGHJ5	IGHV4	IGHJ5	IMGT_CDR3	IN
525	525			T	IGHV7-4-1		IGHJ3								CARHEKLDYDWAWFAYW		IGH	1	T	F	IGHV7-4-1	IGHJ3	IGHV7	IGHJ3	IMGT_CDR3	IN
526	526			T	IGHV3-53		IGHJ4								CARYRLTFYYFDYW		IGH	1	T	F	IGHV3-53	IGHJ4	IGHV3	IGHJ4	IMGT_CDR3	IN
527	527			T	IGHV3-20		IGHJ4								CARWLLRLGCAMDYW		IGH	1	T	F	IGHV3-20	IGHJ4	IGHV3	IGHJ4	IMGT_CDR3	IN
528	528			T	IGHV7-4-1		IGHJ6								CARALLLLRHRSHWYFDVW		IGH	1	T	F	IGHV7-4-1	IGHJ6	IGHV7	IGHJ6	IMGT_CDR3	IN
529	529			T	IGHV1-69		IGHJ4								CARLGQLRLYFDYW		IGH	1	T	F	IGHV1-69	IGHJ4	IGHV1	IGHJ4	IMGT_CDR3	IN
530	530			T	IGHV3-7		IGHJ4								CARDLYDGYFPYYFDYW		IGH	1	T	F	IGHV3-7	IGHJ4	IGHV3	IGHJ4	IMGT_CDR3	IN
531	531			T	IGHV3-20		IGHJ2								CARGELGLGVWYYAMDYW		IGH	1	T	F	IGHV3-20	IGHJ2	IGHV3	IGHJ2	IMGT_CDR3	IN
532	532			T	IGHV1-2		IGHJ5								CAQSFYGSTLYWYFDVW		IGH	1	T	F	IGHV1-2	IGHJ5	IGHV1	IGHJ5	IMGT_CDR3	IN
533	533			T	IGHV3-13		IGHJ5								CAFRQLRLRDYFDYW		IGH	1	T	F	IGHV3-13	IGHJ5	IGHV3	IGHJ5	IMGT_CDR3	IN
534	534			T	IGHV3-7		IGHJ6								CARSLGLIDWYFDVW		IGH	1	T	F	IGHV3-7	IGHJ6	IGHV3	IGHJ6	IMGT_CDR3	IN
535	535			T	IGHV5-10-1		IGHJ4								CARGLVLRVYFDYW		IGH	1	T	F	IGHV5-10-1	IGHJ4	IGHV5	IGHJ4	IMGT_CDR3	IN
536	536			T	IGHV1-2		IGHJ4								CALDGLRLPFAYW		IGH	1	T	F	IGHV1-2	IGHJ4	IGHV1	IGHJ4	IMGT_CDR3	IN
537	537			T	IGHV3-13		IGHJ4								CVRGLLLRYYYAMDYW		IGH	1	T	F	IGHV3-13	IGHJ4	IGHV3	IGHJ4	IMGT_CDR3	IN
538	538			T	IGHV4-61		IGHJ5								CARGGLLLRHRSHWYFDVW		IGH	1	T	F	IGHV4-61	IGHJ5	IGHV4	IGHJ5	IMGT_CDR3	IN
539	539			T	IGHV3-49		IGHJ4								CARPLTGTFSWFAYW		IGH	1	T	F	IGHV3-49	IGHJ4	IGHV3	IGHJ4	IMGT_CDR3	IN
540	540			T	IGHV1-69		IGHJ4								CARPLGPLLLRYPAEGFAYW		IGH	1	T	F	IGHV1-69	IGHJ4	IGHV1	IGHJ4	IMGT_CDR3	IN
541	541			T	IGHV3-21		IGHJ4								CARWEQLRLLFDYW		IGH	1	T	F	IGHV3-21	IGHJ4	IGHV3	IGHJ4	IMGT_CDR3	IN
542	542			T	IGHV4-34		IGHJ6								CAWGLQIFAYW		IGH	1	T	F	IGHV4-34	IGHJ6	IGHV4	IGHJ6	IMGT_CDR3	IN
543	543			T	IGHV4-39		IGHJ5								CARHLDGYYVSWYFDVW		IGH	1	T	F	IGHV4-39	IGHJ5	IGHV4	IGHJ5	IMGT_CDR3	IN
544	544			T	IGHV4-34		IGHJ4								CATLLTLYFDVW		IGH	1	T	F	IGHV4-34	IGHJ4	IGHV4	IGHJ4	IMGT_CDR3	IN
545	545			T	IGHV3-53		IGHJ4								CAVPLLLRYWYFDVW		IGH	1	T	F	IGHV3-53	IGHJ4	IGHV3	IGHJ4	IMGT_CDR3	IN
546	546			T	IGHV3-49		IGHJ5								CAILPLYDYDRYFDVW		IGH	1	T	F	IGHV3-49	IGHJ5	IGHV3	IGHJ5	IMGT_CDR3	IN
547	547			T	IGHV2-26		IGHJ5								CARSGWLLSLYYAMDYW		IGH	1	T	F	IGHV2-26	IGHJ5	IGHV2	IGHJ5	IMGT_CDR3	IN
548	548			T	IGHV1-3		IGHJ4								CTRSIRQLRLEGFFDYW		IGH	1	T	F	IGHV1-3	IGHJ4	IGHV1	IGHJ4	IMGT_CDR3	IN
549	549			T	IGHV5-51		IGHJ6								CTRDFYYDYDGFSWFAYW		IGH	1	T	F	IGHV5-51	IGHJ6	IGHV5	IGHJ6	IMGT_CDR3	IN
550	550			T	IGHV3-23		IGHJ4								CARFGLSYDYDGLYAMDYW		IGH	1	T	F	IGHV3-23	IGHJ4	IGHV3	IGHJ4	IMGT_CDR3	IN
551	551			T	IGHV7-4-1		IGHJ6								CARGILGSSFDWYFDVW		IGH	1	T	F	IGHV7-4-1	IGHJ6	IGHV7	IGHJ6	IMGT_CDR3	IN
552	552			T	IGHV2-26		IGHJ5								CARGGLTGTFSWFAYW		IGH	1	T	F	IGHV2-26	IGHJ5	IGHV2	IGHJ5	IMGT_CDR3	IN
553	553			T	IGHV3-74		IGHJ4								CAILDDGFNWYFDVW		IGH	1	T	F	IGHV3-74	IGHJ4	IGHV3	IGHJ4	IMGT_CDR3	IN
554	554			T	IGHV3-NL1		IGHJ5								CAREGIYYYVPPDPLFAYW		IGH	1	T	F	IGHV3-NL1	IGHJ5	IGHV3	IGHJ5	IMGT_CDR3	IN
555	555			T	IGHV1-3		IGHJ4								CARRWLLSLYYAMDYW		IGH	1	T	F	IGHV1-3	IGHJ4	IGHV1	IGHJ4	IMGT_CDR3	IN
556	556			T	IGHV1-18		IGHJ4								CARSLDYGSLYWYFDVW		IGH	1	T	F	IGHV1-18	IGHJ4	IGHV1	IGHJ4	IMGT_CDR3	IN
557	557			T	IGHV1-3		IGHJ3								CTSLLPKLGPLYYYAMDYW		IGH	1	T	F	IGHV1-3	IGHJ3	IGHV1	IGHJ3	IMGT_CDR3	IN
558	558			T	IGHV3-30		IGHJ4								CVRDLGQLRLGFAYW		IGH	1	T	F	IGHV3-30	IGHJ4	IGHV3	IGHJ4	IMGT_CDR3	IN
559	559			T	IGHV3-NL1		IGHJ5								CAIGGKLGVLYFDYW		IGH	1	T	F	IGHV3-NL1	IGHJ5	IGHV3	IGHJ5	IMGT_CDR3	IN
560	560			T	IGHV3-23		IGHJ4								CARCLFDDGYYPYYFDYW		IGH	1	T	F	IGHV3-23	IGHJ4	IGHV3	IGHJ4	IMGT_CDR3	IN
561	561			T	IGHV3-11		IGHJ4								CARYTVVALHWYFDVW		IGH	1	T	F	IGHV3-11	IGHJ4	IGHV3	IGHJ4	IMGT_CDR3	IN
562	562			T	IGHV3-23		IGHJ4								CAGLTGTFSWFAYW		IGH	1	T	F	IGHV3-23	IGHJ4	IGHV3	IGHJ4	IMGT_CDR3	IN
563	563			T	IGHV3-23		IGHJ4								CARWLLYYGNSYYFDYW		IGH	1	T	F	IGHV3-23	IGHJ4	IGHV3	IGHJ4	IMGT_CDR3	IN
564	564			T	IGHV3-NL1		IGHJ5								CARDLGQLRLSFAYW		IGH	1	T	F	IGHV3-NL1	IGHJ5	IGHV3	IGHJ5	IMGT_CDR3	IN
565	565			T	IGHV3-23		IGHJ6								CTRSIRQLRLGGFFDYW		IGH	1	T	F	IGHV3-23	IGHJ6	IGHV3	IGHJ6	IMGT_CDR3	IN
566	566			T	IGHV3-74		IGHJ4								CARHEDKILYYGNVYFDYW		IGH	1	T	F	IGHV3-74	IGHJ4	IGHV3	IGHJ4	IMGT_CDR3	IN
567	567			T	IGHV3-NL1		IGHJ5								CAKGDPLYYGSIPYYFDYW		IGH	1	T	F	IGHV3-NL1	IGHJ5	IGHV3	IGHJ5	IMGT_CDR3	IN
568	568			T	IGHV3-15		IGHJ4								CARTLTGSFSWFAYW		IGH	1	T	F	IGHV3-15	IGHJ4	IGHV3	IGHJ4	IMGT_CDR3	IN
569	569			T	IGHV1-2		IGHJ6								CASLTGAFSWFAYW		IGH	1	T	F	IGHV1-2	IGHJ6	IGHV1	IGHJ6	IMGT_CDR3	IN
570	570			T	IGHV3-7		IGHJ4								CVGGWLLRFAYW		IGH	1	T	F	IGHV3-7	IGHJ4	IGHV3	IGHJ4	IMGT_CDR3	IN
571	571			T	IGHV1-3		IGHJ3								CARLLYTGNWYFDVW		IGH	1	T	F	IGHV1-3	IGHJ3	IGHV1	IGHJ3	IMGT_CDR3	IN
572	572			T	IGHV1-46		IGHJ4								CARLLRVDWYFDVW		IGH	1	T	F	IGHV1-46	IGHJ4	IGHV1	IGHJ4	IMGT_CDR3	IN
573	573			T	IGHV3-48		IGHJ4								CARENGYYVSLRYFDVW		IGH	1	T	F	IGHV3-48	IGHJ4	IGHV3	IGHJ4	IMGT_CDR3	IN
574	574			T	IGHV2-5		IGHJ6								CARWGLRLGALFDYW		IGH	1	T	F	IGHV2-5	IGHJ6	IGHV2	IGHJ6	IMGT_CDR3	IN
575	575			T	IGHV1-46		IGHJ4								GAWREPLIYYDHVGFAYW		IGH	1	T	F	IGHV1-46	IGHJ4	IGHV1	IGHJ4	IMGT_CDR3	IN
576	576			T	IGHV3-NL1		IGHJ5								CARPLYYRLNYYAMDYW		IGH	1	T	F	IGHV3-NL1	IGHJ5	IGHV3	IGHJ5	IMGT_CDR3	IN
577	577			T	IGHV4-61		IGHJ4								CALAGDFPWFAYW		IGH	1	T	F	IGHV4-61	IGHJ4	IGHV4	IGHJ4	IMGT_CDR3	IN
578	578			T	IGHV3-13		IGHJ6								CARGWLLSLYYAMDYW		IGH	1	T	F	IGHV3-13	IGHJ6	IGHV3	IGHJ6	IMGT_CDR3	IN
579	579			T	IGHV4-34		IGHJ4								CAIEVYYGSLFDYW		IGH	1	T	F	IGHV4-34	IGHJ4	IGHV4	IGHJ4	IMGT_CDR3	IN
580	580			T	IGHV1-2		IGHJ4								CAWIYYGNLYFDYW		IGH	1	T	F	IGHV1-2	IGHJ4	IGHV1	IGHJ4	IMGT_CDR3	IN
581	581			T	IGHV3-7		IGHJ6								CARLKLGRIRYYFDYW		IGH	1	T	F	IGHV3-7	IGHJ6	IGHV3	IGHJ6	IMGT_CDR3	IN
582	582			T	IGHV1-2		IGHJ4								CARWITLRYYFDYW		IGH	1	T	F	IGHV1-2	IGHJ4	IGHV1	IGHJ4	IMGT_CDR3	IN
583	583			T	IGHV2-70		IGHJ1								CARLVLRSLDFDYW		IGH	1	T	F	IGHV2-70	IGHJ1	IGHV2	IGHJ1	IMGT_CDR3	IN
584	584			T	IGHV3-74		IGHJ6								CTRYLYYDYGGTSLFDYW		IGH	1	T	F	IGHV3-74	IGHJ6	IGHV3	IGHJ6	IMGT_CDR3	IN
585	585			T	IGHV2-26		IGHJ6								CAFRQLRLQDYFDYW		IGH	1	T	F	IGHV2-26	IGHJ6	IGHV2	IGHJ6	IMGT_CDR3	IN
586	586			T	IGHV3-30		IGHJ4								CARLIYYGYVERYFDVW		IGH	1	T	F	IGHV3-30	IGHJ4	IGHV3	IGHJ4	IMGT_CDR3	IN
587	587			T	IGHV3-30		IGHJ5								CARFPFLLTVDYAMDYW		IGH	1	T	F	IGHV3-30	IGHJ5	IGHV3	IGHJ5	IMGT_CDR3	IN
588	588			T	IGHV3-13		IGHJ5								CSLRLIRIGYYYAMDYW		IGH	1	T	F	IGHV3-13	IGHJ5	IGHV3	IGHJ5	IMGT_CDR3	IN
589	589			T	IGHV3-53		IGHJ4								CARLRGGLLPYYFDYW		IGH	1	T	F	IGHV3-53	IGHJ4	IGHV3	IGHJ4	IMGT_CDR3	IN
590	590			T	IGHV3-30-3		IGHJ6								CACLELGWFAYW		IGH	1	T	F	IGHV3-30-3	IGHJ6	IGHV3	IGHJ6	IMGT_CDR3	IN
591	591			T	IGHV3-21		IGHJ4								CARIIGSNYVGWYFDVW		IGH	1	T	F	IGHV3-21	IGHJ4	IGHV3	IGHJ4	IMGT_CDR3	IN
592	592			T	IGHV1-2		IGHJ4								CARILSYYDYPAWFAYW		IGH	1	T	F	IGHV1-2	IGHJ4	IGHV1	IGHJ4	IMGT_CDR3	IN
593	593			T	IGHV3-74		IGHJ4								CARSYGDVELGIYYFDYW		IGH	1	T	F	IGHV3-74	IGHJ4	IGHV3	IGHJ4	IMGT_CDR3	IN
594	594			T	IGHV3-7		IGHJ6								CARDGYYVTLRYFDVW		IGH	1	T	F	IGHV3-7	IGHJ6	IGHV3	IGHJ6	IMGT_CDR3	IN
595	595			T	IGHV3-30-3		IGHJ4								CARERDMGLLRCGYYFDYW		IGH	1	T	F	IGHV3-30-3	IGHJ4	IGHV3	IGHJ4	IMGT_CDR3	IN
596	596			T	IGHV3-11		IGHJ5								CVRDLGQLRLQFAYW		IGH	1	T	F	IGHV3-11	IGHJ5	IGHV3	IGHJ5	IMGT_CDR3	IN
597	597			T	IGHV1-2		IGHJ6								CAKILYYYSNHWYFDVW		IGH	1	T	F	IGHV1-2	IGHJ6	IGHV1	IGHJ6	IMGT_CDR3	IN
598	598			T	IGHV4-39		IGHJ6								CTVAPLYYGFYFDYW		IGH	1	T	F	IGHV4-39	IGHJ6	IGHV4	IGHJ6	IMGT_CDR3	IN
599	599			T	IGHV3-23		IGHJ4								CAREVGQLRLRLPFDYW		IGH	1	T	F	IGHV3-23	IGHJ4	IGHV3	IGHJ4	IMGT_CDR3	IN
600	600			T	IGHV3-7		IGHJ4								CARWINWDVAWFAYW		IGH	1	T	F	IGHV3-7	IGHJ4	IGHV3	IGHJ4	IMGT_CDR3	IN
601	601			T	IGHV3-NL1		IGHJ4								CALVGNLDWYFDVW		IGH	1	T	F	IGHV3-NL1	IGHJ4	IGHV3	IGHJ4	IMGT_CDR3	IN
602	602			T	IGHV4-28		IGHJ3								CALMIYYGYDEYFDVW		IGH	1	T	F	IGHV4-28	IGHJ3	IGHV4	IGHJ3	IMGT_CDR3	IN
603	603			T	IGHV1-3		IGHJ6								CARALYYDYDVVYFDYW		IGH	1	T	F	IGHV1-3	IGHJ6	IGHV1	IGHJ6	IMGT_CDR3	IN
604	604			T	IGHV3-15		IGHJ4								CARWELRLPYFDYW		IGH	1	T	F	IGHV3-15	IGHJ4	IGHV3	IGHJ4	IMGT_CDR3	IN
605	605			T	IGHV2-5		IGHJ4								CARRVLITTVVDPWFAYW		IGH	1	T	F	IGHV2-5	IGHJ4	IGHV2	IGHJ4	IMGT_CDR3	IN
606	606			T	IGHV3-23		IGHJ4								CARCPLLPWDWYFDVW		IGH	1	T	F	IGHV3-23	IGHJ4	IGHV3	IGHJ4	IMGT_CDR3	IN
607	607			T	IGHV4-39		IGHJ3								CARSIYYDYKFLYYYAMDYW		IGH	1	T	F	IGHV4-39	IGHJ3	IGHV4	IGHJ3	IMGT_CDR3	IN
608	608			T	IGHV7-4-1		IGHJ6								CARKINWDVAWFAYW		IGH	1	T	F	IGHV7-4-1	IGHJ6	IGHV7	IGHJ6	IMGT_CDR3	IN
609	609			T	IGHV3-NL1		IGHJ4								CARGHLLTEIHSNLFAYW		IGH	1	T	F	IGHV3-NL1	IGHJ4	IGHV3	IGHJ4	IMGT_CDR3	IN
610	610			T	IGHV3-30-3		IGHJ5								CARINWDVAWFAYW		IGH	1	T	F	IGHV3-30-3	IGHJ5	IGHV3	IGHJ5	IMGT_CDR3	IN
611	611			T	IGHV3-15		IGHJ4								CANLNWDVWYFDYW		IGH	1	T	F	IGHV3-15	IGHJ4	IGHV3	IGHJ4	IMGT_CDR3	IN
612	612			T	IGHV3-15		IGHJ4								CARFPFLITTVREYYFDYW		IGH	1	T	F	IGHV3-15	IGHJ4	IGHV3	IGHJ4	IMGT_CDR3	IN
613	613			T	IGHV3-23		IGHJ4								CALAFYYFDYW		IGH	1	T	F	IGHV3-23	IGHJ4	IGHV3	IGHJ4	IMGT_CDR3	IN
614	614			T	IGHV4-39		IGHJ5								CVRHGYLYWYFDVW		IGH	1	T	F	IGHV4-39	IGHJ5	IGHV4	IGHJ5	IMGT_CDR3	IN
615	615			T	IGHV1-69		IGHJ4								CARLGYGYGLYYFDYW		IGH	1	T	F	IGHV1-69	IGHJ4	IGHV1	IGHJ4	IMGT_CDR3	IN
616	616			T	IGHV3-30-3		IGHJ3								CAMGIYYGNLFAYW		IGH	1	T	F	IGHV3-30-3	IGHJ3	IGHV3	IGHJ3	IMGT_CDR3	IN
617	617			T	IGHV3-53		IGHJ5								CAIQLRLRQAWFAYW		IGH	1	T	F	IGHV3-53	IGHJ5	IGHV3	IGHJ5	IMGT_CDR3	IN
618	618			T	IGHV3-NL1		IGHJ4								CARRFITTVDVYFDYW		IGH	1	T	F	IGHV3-NL1	IGHJ4	IGHV3	IGHJ4	IMGT_CDR3	IN
619	619			T	IGHV4-34		IGHJ5								CARWLLYGIYYAMDYW		IGH	1	T	F	IGHV4-34	IGHJ5	IGHV4	IGHJ5	IMGT_CDR3	IN
620	620			T	IGHV1-69		IGHJ6								CALTFYYFDYW		IGH	1	T	F	IGHV1-69	IGHJ6	IGHV1	IGHJ6	IMGT_CDR3	IN
621	621			T	IGHV3-20		IGHJ4								CTFIVTTLYYFDYW		IGH	1	T	F	IGHV3-20	IGHJ4	IGHV3	IGHJ4	IMGT_CDR3	IN
622	622			T	IGHV3-74		IGHJ4								CARSELYSGSSLYWYFDVW		IGH	1	T	F	IGHV3-74	IGHJ4	IGHV3	IGHJ4	IMGT_CDR3	IN
623	623			T	IGHV4-34		IGHJ5								CEWFYDYDGFAWFAYW		IGH	1	T	F	IGHV4-34	IGHJ5	IGHV4	IGHJ5	IMGT_CDR3	IN
624	624			T	IGHV3-21		IGHJ6								CALNFYYFDYW		IGH	1	T	F	IGHV3-21	IGHJ6	IGHV3	IGHJ6	IMGT_CDR3	IN
625	625			T	IGHV4-39		IGHJ4								CAFITTVDVYFDYW		IGH	1	T	F	IGHV4-39	IGHJ4	IGHV4	IGHJ4	IMGT_CDR3	IN
626	626			T	IGHV3-49		IGHJ4								CARVSLDYDYDFFAYW		IGH	1	T	F	IGHV3-49	IGHJ4	IGHV3	IGHJ4	IMGT_CDR3	IN
627	627			T	IGHV3-74		IGHJ4								GAWRELHLYYSNYVEFGLYW		IGH	1	T	F	IGHV3-74	IGHJ4	IGHV3	IGHJ4	IMGT_CDR3	IN
628	628			T	IGHV1-2		IGHJ4								CTALRYYGLPFAYW		IGH	1	T	F	IGHV1-2	IGHJ4	IGHV1	IGHJ4	IMGT_CDR3	IN
629	629			T	IGHV3-66		IGHJ4								CVREGLLGWYFDVW		IGH	1	T	F	IGHV3-66	IGHJ4	IGHV3	IGHJ4	IMGT_CDR3	IN
630	630			T	IGHV4-38-2		IGHJ4								CARYLLGSSYDWYFDVW		IGH	1	T	F	IGHV4-38-2	IGHJ4	IGHV4	IGHJ4	IMGT_CDR3	IN
631	631			T	IGHV3-NL1		IGHJ4								CASLITTVPLGYFDVW		IGH	1	T	F	IGHV3-NL1	IGHJ4	IGHV3	IGHJ4	IMGT_CDR3	IN
632	632			T	IGHV3-NL1		IGHJ4								CARYELGLYYFDYW		IGH	1	T	F	IGHV3-NL1	IGHJ4	IGHV3	IGHJ4	IMGT_CDR3	IN
633	633			T	IGHV3-NL1		IGHJ4								CAREAPFYDGYLSLYWYFDVW		IGH	1	T	F	IGHV3-NL1	IGHJ4	IGHV3	IGHJ4	IMGT_CDR3	IN
634	634			T	IGHV3-9		IGHJ4								CARLQLRLRKFDYW		IGH	1	T	F	IGHV3-9	IGHJ4	IGHV3	IGHJ4	IMGT_CDR3	IN
635	635			T	IGHV3-53		IGHJ4								CARPLYYPIPDWYFDVW		IGH	1	T	F	IGHV3-53	IGHJ4	IGHV3	IGHJ4	IMGT_CDR3	IN
636	636			T	IGHV3-53		IGHJ4								CAILSDGYFYFDYW		IGH	1	T	F	IGHV3-53	IGHJ4	IGHV3	IGHJ4	IMGT_CDR3	IN
637	637			T	IGHV3-NL1		IGHJ5								CARINYDFYYFDYW		IGH	1	T	F	IGHV3-NL1	IGHJ5	IGHV3	IGHJ5	IMGT_CDR3	IN
638	638			T	IGHV3-21		IGHJ6								CAINWDVAWFAYW		IGH	1	T	F	IGHV3-21	IGHJ6	IGHV3	IGHJ6	IMGT_CDR3	IN
639	639			T	IGHV3-13		IGHJ4								CARQVGLYWAWFAYW		IGH	1	T	F	IGHV3-13	IGHJ4	IGHV3	IGHJ4	IMGT_CDR3	IN
640	640			T	IGHV1-3		IGHJ4								CARHPIIITTVVQGYFDVW		IGH	1	T	F	IGHV1-3	IGHJ4	IGHV1	IGHJ4	IMGT_CDR3	IN
641	641			T	IGHV3-20		IGHJ6								CARSREFLLRGDYFDYW		IGH	1	T	F	IGHV3-20	IGHJ6	IGHV3	IGHJ6	IMGT_CDR3	IN
642	642			T	IGHV2-5		IGHJ4								CTAQLRLLSWFAYW		IGH	1	T	F	IGHV2-5	IGHJ4	IGHV2	IGHJ4	IMGT_CDR3	IN
643	643			T	IGHV7-4-1		IGHJ4								CAILLRPYLRDYW		IGH	1	T	F	IGHV7-4-1	IGHJ4	IGHV7	IGHJ4	IMGT_CDR3	IN
644	644			T	IGHV3-21		IGHJ6								CARFPLITTVPLGYFDVW		IGH	1	T	F	IGHV3-21	IGHJ6	IGHV3	IGHJ6	IMGT_CDR3	IN
645	645			T	IGHV1-2		IGHJ4								CLYYDYDFWFAYW		IGH	1	T	F	IGHV1-2	IGHJ4	IGHV1	IGHJ4	IMGT_CDR3	IN
646	646			T	IGHV3-NL1		IGHJ4								CARVLLLRPATFAYW		IGH	1	T	F	IGHV3-NL1	IGHJ4	IGHV3	IGHJ4	IMGT_CDR3	IN
647	647			T	IGHV1-45		IGHJ6								CARPRIYYYGSVYWYFDVW		IGH	1	T	F	IGHV1-45	IGHJ6	IGHV1	IGHJ6	IMGT_CDR3	IN
648	648			T	IGHV1-2		IGHJ4								CARSLYYDYDFWFAYW		IGH	1	T	F	IGHV1-2	IGHJ4	IGHV1	IGHJ4	IMGT_CDR3	IN
649	649			T	IGHV3-23		IGHJ4								CARFPLYYDYDAWFAYW		IGH	1	T	F	IGHV3-23	IGHJ4	IGHV3	IGHJ4	IMGT_CDR3	IN
650	650			T	IGHV3-21		IGHJ6								CARYLYDYDLYYAMDYW		IGH	1	T	F	IGHV3-21	IGHJ6	IGHV3	IGHJ6	IMGT_CDR3	IN
651	651			T	IGHV4-4		IGHJ1								CARDRDVQLDLDYFDYW		IGH	1	T	F	IGHV4-4	IGHJ1	IGHV4	IGHJ1	IMGT_CDR3	IN
652	652			T	IGHV3-NL1		IGHJ5								CARRGVFITTVDVYFDYW		IGH	1	T	F	IGHV3-NL1	IGHJ5	IGHV3	IGHJ5	IMGT_CDR3	IN
653	653			T	IGHV4-59		IGHJ4								CAVYYGLVGFAYW		IGH	1	T	F	IGHV4-59	IGHJ4	IGHV4	IGHJ4	IMGT_CDR3	IN
654	654			T	IGHV3-23		IGHJ4								CARLVGQLRLRGWYFDVW		IGH	1	T	F	IGHV3-23	IGHJ4	IGHV3	IGHJ4	IMGT_CDR3	IN
655	655			T	IGHV1-18		IGHJ6								CARLYLFITTVDVYFDYW		IGH	1	T	F	IGHV1-18	IGHJ6	IGHV1	IGHJ6	IMGT_CDR3	IN
656	656			T	IGHV3-74		IGHJ4								CARREFTGTFWYFDVW		IGH	1	T	F	IGHV3-74	IGHJ4	IGHV3	IGHJ4	IMGT_CDR3	IN
657	657			T	IGHV1-3		IGHJ4								CALYYDYDFPFAYW		IGH	1	T	F	IGHV1-3	IGHJ4	IGHV1	IGHJ4	IMGT_CDR3	IN
658	658			T	IGHV3-21		IGHJ4								CALYDYTLVLDVW		IGH	1	T	F	IGHV3-21	IGHJ4	IGHV3	IGHJ4	IMGT_CDR3	IN
659	659			T	IGHV3-13		IGHJ6								CARSEGIYYGNLHYYFDYW		IGH	1	T	F	IGHV3-13	IGHJ6	IGHV3	IGHJ6	IMGT_CDR3	IN
660	660			T	IGHV3-NL1		IGHJ4								CAIHLLLTVNYAMDYW		IGH	1	T	F	IGHV3-NL1	IGHJ4	IGHV3	IGHJ4	IMGT_CDR3	IN
661	661			T	IGHV3-66		IGHJ4								CARDFIYYYGSVYWYFDVW		IGH	1	T	F	IGHV3-66	IGHJ4	IGHV3	IGHJ4	IMGT_CDR3	IN
662	662			T	IGHV3-13		IGHJ4								CASLLYGIYYAMDYW		IGH	1	T	F	IGHV3-13	IGHJ4	IGHV3	IGHJ4	IMGT_CDR3	IN
663	663			T	IGHV3-NL1		IGHJ4								CVREGLLYWYFDVW		IGH	1	T	F	IGHV3-NL1	IGHJ4	IGHV3	IGHJ4	IMGT_CDR3	IN
664	664			T	IGHV3-NL1		IGHJ4								CARDYELGLYYFDYW		IGH	1	T	F	IGHV3-NL1	IGHJ4	IGHV3	IGHJ4	IMGT_CDR3	IN
665	665			T	IGHV1-18		IGHJ3								CTRGGIYYYGSVYWYFDVW		IGH	1	T	F	IGHV1-18	IGHJ3	IGHV1	IGHJ3	IMGT_CDR3	IN
666	666			T	IGHV3-23		IGHJ3								CARLDTPFAWFAYW		IGH	1	T	F	IGHV3-23	IGHJ3	IGHV3	IGHJ3	IMGT_CDR3	IN
667	667			T	IGHV1-18		IGHJ4								CARGWVVALDWYFDVW		IGH	1	T	F	IGHV1-18	IGHJ4	IGHV1	IGHJ4	IMGT_CDR3	IN
668	668			T	IGHV4-4		IGHJ6								CARRGFITTVDVYFDYW		IGH	1	T	F	IGHV4-4	IGHJ6	IGHV4	IGHJ6	IMGT_CDR3	IN
669	669			T	IGHV6-1		IGHJ3								CAKTTLYYALPYYAMDYW		IGH	1	T	F	IGHV6-1	IGHJ3	IGHV6	IGHJ3	IMGT_CDR3	IN
670	670			T	IGHV3-7		IGHJ4								CTKGIYYGNLGYYFDYW		IGH	1	T	F	IGHV3-7	IGHJ4	IGHV3	IGHJ4	IMGT_CDR3	IN
671	671			T	IGHV3-30		IGHJ4								CARTPLIYYYGSVYWYFDVW		IGH	1	T	F	IGHV3-30	IGHJ4	IGHV3	IGHJ4	IMGT_CDR3	IN
672	672			T	IGHV2-5		IGHJ4								CARFLDDGYLYYAMDYW		IGH	1	T	F	IGHV2-5	IGHJ4	IGHV2	IGHJ4	IMGT_CDR3	IN
673	673			T	IGHV3-21		IGHJ4								CAITMITDLTVYYFDYW		IGH	1	T	F	IGHV3-21	IGHJ4	IGHV3	IGHJ4	IMGT_CDR3	IN
674	674			T	IGHV3-74		IGHJ2								CVRQGILSWYFDVW		IGH	1	T	F	IGHV3-74	IGHJ2	IGHV3	IGHJ2	IMGT_CDR3	IN
675	675			T	IGHV3-74		IGHJ4								CARLLYDYDLYYYAMDYW		IGH	1	T	F	IGHV3-74	IGHJ4	IGHV3	IGHJ4	IMGT_CDR3	IN
676	676			T	IGHV4-39		IGHJ5								CFLPLDGYHYW		IGH	1	T	F	IGHV4-39	IGHJ5	IGHV4	IGHJ5	IMGT_CDR3	IN
677	677			T	IGHV3-23		IGHJ4								CARSGIYYGNLAYYFDYW		IGH	1	T	F	IGHV3-23	IGHJ4	IGHV3	IGHJ4	IMGT_CDR3	IN
678	678			T	IGHV3-9		IGHJ1								CTLQLVHWYFDVW		IGH	1	T	F	IGHV3-9	IGHJ1	IGHV3	IGHJ1	IMGT_CDR3	IN
679	679			T	IGHV4-34		IGHJ4								CARQLRLRVIFFAYW		IGH	1	T	F	IGHV4-34	IGHJ4	IGHV4	IGHJ4	IMGT_CDR3	IN
680	680			T	IGHV3-64		IGHJ2								CATLLYGIYYAMDYW		IGH	1	T	F	IGHV3-64	IGHJ2	IGHV3	IGHJ2	IMGT_CDR3	IN
681	681			T	IGHV5-51		IGHJ2								CARQALGLRAPFFDYW		IGH	1	T	F	IGHV5-51	IGHJ2	IGHV5	IGHJ2	IMGT_CDR3	IN
682	682			T	IGHV1-2		IGHJ4								CAKIYYYGSVYWYFDVW		IGH	1	T	F	IGHV1-2	IGHJ4	IGHV1	IGHJ4	IMGT_CDR3	IN
683	683			T	IGHV3-NL1		IGHJ6								CAREKIMITTFISYAMDYW		IGH	1	T	F	IGHV3-NL1	IGHJ6	IGHV3	IGHJ6	IMGT_CDR3	IN
684	684			T	IGHV4-61		IGHJ6								CASLYYDYDVVYFDYW		IGH	1	T	F	IGHV4-61	IGHJ6	IGHV4	IGHJ6	IMGT_CDR3	IN
685	685			T	IGHV3-48		IGHJ4								CAVELGVAWFAYW		IGH	1	T	F	IGHV3-48	IGHJ4	IGHV3	IGHJ4	IMGT_CDR3	IN
686	686			T	IGHV4-39		IGHJ4								CVREGLLRWYFDVW		IGH	1	T	F	IGHV4-39	IGHJ4	IGHV4	IGHJ4	IMGT_CDR3	IN
687	687			T	IGHV5-51		IGHJ4								CVCSLYYFAYW		IGH	1	T	F	IGHV5-51	IGHJ4	IGHV5	IGHJ4	IMGT_CDR3	IN
688	688			T	IGHV4-59		IGHJ4								CTSLQLRLRSFAMDYW		IGH	1	T	F	IGHV4-59	IGHJ4	IGHV4	IGHJ4	IMGT_CDR3	IN
689	689			T	IGHV3-30		IGHJ4								CARFYNPLYYFDYW		IGH	1	T	F	IGHV3-30	IGHJ4	IGHV3	IGHJ4	IMGT_CDR3	IN
690	690			T	IGHV7-4-1		IGHJ4								CARKGIIITTVVEGYFDVW		IGH	1	T	F	IGHV7-4-1	IGHJ4	IGHV7	IGHJ4	IMGT_CDR3	IN
691	691			T	IGHV4-34		IGHJ5								CARVFLLEGDYFDYW		IGH	1	T	F	IGHV4-34	IGHJ5	IGHV4	IGHJ5	IMGT_CDR3	IN
692	692			T	IGHV2-26		IGHJ4								CAGDRYELGLYYFDYW		IGH	1	T	F	IGHV2-26	IGHJ4	IGHV2	IGHJ4	IMGT_CDR3	IN
693	693			T	IGHV3-30-3		IGHJ5								CARWLLRVPLRGAMDYW		IGH	1	T	F	IGHV3-30-3	IGHJ5	IGHV3	IGHJ5	IMGT_CDR3	IN
694	694			T	IGHV6-1		IGHJ6								CARVGIYYGNLNYYFDYW		IGH	1	T	F	IGHV6-1	IGHJ6	IGHV6	IGHJ6	IMGT_CDR3	IN
695	695			T	IGHV4-61		IGHJ3								SFYDGYLCWLW		IGH	1	T	F	IGHV4-61	IGHJ3	IGHV4	IGHJ3	IMGT_CDR3	IN
696	696			T	IGHV1-2		IGHJ6								CARDLLYGIYYAMDYW		IGH	1	T	F	IGHV1-2	IGHJ6	IGHV1	IGHJ6	IMGT_CDR3	IN
697	697			T	IGHV2-26		IGHJ5								CVREGLLHWYFDVW		IGH	1	T	F	IGHV2-26	IGHJ5	IGHV2	IGHJ5	IMGT_CDR3	IN
698	698			T	IGHV3-NL1		IGHJ4								CARSSIYYGFPSFAYW		IGH	1	T	F	IGHV3-NL1	IGHJ4	IGHV3	IGHJ4	IMGT_CDR3	IN
699	699			T	IGHV3-23		IGHJ6								CARCALNFYYFDYW		IGH	1	T	F	IGHV3-23	IGHJ6	IGHV3	IGHJ6	IMGT_CDR3	IN
700	700			T	IGHV1-45		IGHJ4								CARLYYDLPYYAMDYW		IGH	1	T	F	IGHV1-45	IGHJ4	IGHV1	IGHJ4	IMGT_CDR3	IN
701	701			T	IGHV3-23		IGHJ4								CAIIITTVVEGYFDVW		IGH	1	T	F	IGHV3-23	IGHJ4	IGHV3	IGHJ4	IMGT_CDR3	IN
702	702			T	IGHV4-34		IGHJ5								CTRDYLYDYDLGYAMDYW		IGH	1	T	F	IGHV4-34	IGHJ5	IGHV4	IGHJ5	IMGT_CDR3	IN
703	703			T	IGHV4-34		IGHJ4								CARGSLLLRPATFAYW		IGH	1	T	F	IGHV4-34	IGHJ4	IGHV4	IGHJ4	IMGT_CDR3	IN
704	704			T	IGHV3-23		IGHJ4								CARGGTIVTKLYYFDYW		IGH	1	T	F	IGHV3-23	IGHJ4	IGHV3	IGHJ4	IMGT_CDR3	IN
705	705			T	IGHV3-13		IGHJ4								CARAVMVTTLQYYFDYW		IGH	1	T	F	IGHV3-13	IGHJ4	IGHV3	IGHJ4	IMGT_CDR3	IN
706	706			T	IGHV3-53		IGHJ4								CARHEIVTTLYYFDYW		IGH	1	T	F	IGHV3-53	IGHJ4	IGHV3	IGHJ4	IMGT_CDR3	IN
707	707			T	IGHV2-70		IGHJ4								CARYGFGLLPYYFDYW		IGH	1	T	F	IGHV2-70	IGHJ4	IGHV2	IGHJ4	IMGT_CDR3	IN
708	708			T	IGHV3-23		IGHJ6								CARNPIYYYGSVYWYFDVW		IGH	1	T	F	IGHV3-23	IGHJ6	IGHV3	IGHJ6	IMGT_CDR3	IN
709	709			T	IGHV5-10-1		IGHJ4								CVRLYGNHLDWYFDVW		IGH	1	T	F	IGHV5-10-1	IGHJ4	IGHV5	IGHJ4	IMGT_CDR3	IN
710	710			T	IGHV1-69		IGHJ4								CAISFTPLYYFDYW		IGH	1	T	F	IGHV1-69	IGHJ4	IGHV1	IGHJ4	IMGT_CDR3	IN
711	711			T	IGHV4-39		IGHJ4								CTTLGFITTVVGIPFDYW		IGH	1	T	F	IGHV4-39	IGHJ4	IGHV4	IGHJ4	IMGT_CDR3	IN
712	712			T	IGHV1-69		IGHJ4								CARILIYYDYDGGFAYW		IGH	1	T	F	IGHV1-69	IGHJ4	IGHV1	IGHJ4	IMGT_CDR3	IN
713	713			T	IGHV3-7		IGHJ5								CARFLLEGDYFDYW		IGH	1	T	F	IGHV3-7	IGHJ5	IGHV3	IGHJ5	IMGT_CDR3	IN
714	714			T	IGHV3-53		IGHJ4								CAREGIYYGNLAYYFDYW		IGH	1	T	F	IGHV3-53	IGHJ4	IGHV3	IGHJ4	IMGT_CDR3	IN
715	715			T	IGHV3-NL1		IGHJ6								CARRPLLLYGIYYAMDYW		IGH	1	T	F	IGHV3-NL1	IGHJ6	IGHV3	IGHJ6	IMGT_CDR3	IN
716	716			T	IGHV3-7		IGHJ4								YTRPIYYGNFDWYFDVW		IGH	1	T	F	IGHV3-7	IGHJ4	IGHV3	IGHJ4	IMGT_CDR3	IN
717	717			T	IGHV1-46		IGHJ4								CASEIYYGNYGFFFDYW		IGH	1	T	F	IGHV1-46	IGHJ4	IGHV1	IGHJ4	IMGT_CDR3	IN
718	718			T	IGHV5-51		IGHJ4								CARFGIYYGSSFHWYFDVW		IGH	1	T	F	IGHV5-51	IGHJ4	IGHV5	IGHJ4	IMGT_CDR3	IN
719	719			T	IGHV3-NL1		IGHJ1								CTRSNFITTVVAYYFDYW		IGH	1	T	F	IGHV3-NL1	IGHJ1	IGHV3	IGHJ1	IMGT_CDR3	IN
720	720			T	IGHV4-59		IGHJ4								CARHLWLPYYFDYW		IGH	1	T	F	IGHV4-59	IGHJ4	IGHV4	IGHJ4	IMGT_CDR3	IN
721	721			T	IGHV3-20		IGHJ4								CTLNWSLFAYW		IGH	1	T	F	IGHV3-20	IGHJ4	IGHV3	IGHJ4	IMGT_CDR3	IN
722	722			T	IGHV7-4-1		IGHJ4								CARRIYYGSSFYWYFDVW		IGH	1	T	F	IGHV7-4-1	IGHJ4	IGHV7	IGHJ4	IMGT_CDR3	IN
723	723			T	IGHV3-21		IGHJ4								CARGFITTVVANWGFAYW		IGH	1	T	F	IGHV3-21	IGHJ4	IGHV3	IGHJ4	IMGT_CDR3	IN
724	724			T	IGHV3-48		IGHJ6								CARRFRIYYGSSFYWYFDVW		IGH	1	T	F	IGHV3-48	IGHJ6	IGHV3	IGHJ6	IMGT_CDR3	IN
725	725			T	IGHV6-1		IGHJ4								CALTDPFWYFDVW		IGH	1	T	F	IGHV6-1	IGHJ4	IGHV6	IGHJ4	IMGT_CDR3	IN
726	726			T	IGHV5-10-1		IGHJ4								CARMVLRWDYFDYW		IGH	1	T	F	IGHV5-10-1	IGHJ4	IGHV5	IGHJ4	IMGT_CDR3	IN
727	727			T	IGHV3-64		IGHJ5								CARTIYYDFERFAYW		IGH	1	T	F	IGHV3-64	IGHJ5	IGHV3	IGHJ5	IMGT_CDR3	IN
728	728			T	IGHV4-59		IGHJ4								CARAGDGYYVPFSYWYFDVW		IGH	1	T	F	IGHV4-59	IGHJ4	IGHV4	IGHJ4	IMGT_CDR3	IN
729	729			T	IGHV1-69		IGHJ4								CTAPIYYGNFCWYFDVW		IGH	1	T	F	IGHV1-69	IGHJ4	IGHV1	IGHJ4	IMGT_CDR3	IN
730	730			T	IGHV3-23		IGHJ4								CARRNIFYDYDGYWYFDVW		IGH	1	T	F	IGHV3-23	IGHJ4	IGHV3	IGHJ4	IMGT_CDR3	IN
731	731			T	IGHV1-3		IGHJ4								CAKNWVYDMAWFAYW		IGH	1	T	F	IGHV1-3	IGHJ4	IGHV1	IGHJ4	IMGT_CDR3	IN
732	732			T	IGHV4-59		IGHJ5								CARSLYGRTLYWYFDVW		IGH	1	T	F	IGHV4-59	IGHJ5	IGHV4	IGHJ5	IMGT_CDR3	IN
733	733			T	IGHV3-74		IGHJ5								CARQLRLRIYFDYW		IGH	1	T	F	IGHV3-74	IGHJ5	IGHV3	IGHJ5	IMGT_CDR3	IN
734	734			T	IGHV3-7		IGHJ4								CAREGIYYGSSFYWYFDVW		IGH	1	T	F	IGHV3-7	IGHJ4	IGHV3	IGHJ4	IMGT_CDR3	IN
735	735			T	IGHV1-2		IGHJ3								CAPIYYGNFDWYFDVW		IGH	1	T	F	IGHV1-2	IGHJ3	IGHV1	IGHJ3	IMGT_CDR3	IN
736	736			T	IGHV3-53		IGHJ5								CARERILLRFSYAMDYW		IGH	1	T	F	IGHV3-53	IGHJ5	IGHV3	IGHJ5	IMGT_CDR3	IN
737	737			T	IGHV1-18		IGHJ1								CARLIYDYGFAMDYW		IGH	1	T	F	IGHV1-18	IGHJ1	IGHV1	IGHJ1	IMGT_CDR3	IN
738	738			T	IGHV3-7		IGHJ3								CARNRGLYYYGIPFAYW		IGH	1	T	F	IGHV3-7	IGHJ3	IGHV3	IGHJ3	IMGT_CDR3	IN
739	739			T	IGHV3-23		IGHJ4								CARLSGGLTWFAYW		IGH	1	T	F	IGHV3-23	IGHJ4	IGHV3	IGHJ4	IMGT_CDR3	IN
740	740			T	IGHV5-51		IGHJ5								CARCGIYYGSSFNWYFDVW		IGH	1	T	F	IGHV5-51	IGHJ5	IGHV5	IGHJ5	IMGT_CDR3	IN
741	741			T	IGHV2-70		IGHJ5								CAIYYGSSFYWYFDVW		IGH	1	T	F	IGHV2-70	IGHJ5	IGHV2	IGHJ5	IMGT_CDR3	IN
742	742			T	IGHV3-23		IGHJ4								CARSLYYDYDIFDYW		IGH	1	T	F	IGHV3-23	IGHJ4	IGHV3	IGHJ4	IMGT_CDR3	IN
743	743			T	IGHV1-2		IGHJ3								CIYYGSSFYWYFDVW		IGH	1	T	F	IGHV1-2	IGHJ3	IGHV1	IGHJ3	IMGT_CDR3	IN
744	744			T	IGHV4-34		IGHJ6								CALLLLYPRDYAMDYW		IGH	1	T	F	IGHV4-34	IGHJ6	IGHV4	IGHJ6	IMGT_CDR3	IN
745	745			T	IGHV1-46		IGHJ2								CASLIYYGSSFDWYFDVW		IGH	1	T	F	IGHV1-46	IGHJ2	IGHV1	IGHJ2	IMGT_CDR3	IN
746	746			T	IGHV3-15		IGHJ3								CARQVQLRLRYFDYW		IGH	1	T	F	IGHV3-15	IGHJ3	IGHV3	IGHJ3	IMGT_CDR3	IN
747	747			T	IGHV4-59		IGHJ4								CARPLLIYDGSHWYFDVW		IGH	1	T	F	IGHV4-59	IGHJ4	IGHV4	IGHJ4	IMGT_CDR3	IN
748	748			T	IGHV3-NL1		IGHJ4								CARRGVLLRPVAGGWYFDVW		IGH	1	T	F	IGHV3-NL1	IGHJ4	IGHV3	IGHJ4	IMGT_CDR3	IN
749	749			T	IGHV4-34		IGHJ4								CAREYDYDFGFFAYW		IGH	1	T	F	IGHV4-34	IGHJ4	IGHV4	IGHJ4	IMGT_CDR3	IN
750	750			T	IGHV4-38-2		IGHJ6								CARETIYYGSSFYWYFDVW		IGH	1	T	F	IGHV4-38-2	IGHJ6	IGHV4	IGHJ6	IMGT_CDR3	IN
751	751			T	IGHV3-20		IGHJ3								CARRMIYYDYDVLFDYW		IGH	1	T	F	IGHV3-20	IGHJ3	IGHV3	IGHJ3	IMGT_CDR3	IN
752	752			T	IGHV3-NL1		IGHJ5								CTLYDYLTWGFAYW		IGH	1	T	F	IGHV3-NL1	IGHJ5	IGHV3	IGHJ5	IMGT_CDR3	IN
753	753			T	IGHV4-38-2		IGHJ4								CARWGDIYYGSSFYWYFDVW		IGH	1	T	F	IGHV4-38-2	IGHJ4	IGHV4	IGHJ4	IMGT_CDR3	IN
754	754			T	IGHV3-15		IGHJ4								CAREEKIYYGSSFYWYFDVW		IGH	1	T	F	IGHV3-15	IGHJ4	IGHV3	IGHJ4	IMGT_CDR3	IN
755	755			T	IGHV3-23		IGHJ4								CARPIYYGNFHWYFDVW		IGH	1	T	F	IGHV3-23	IGHJ4	IGHV3	IGHJ4	IMGT_CDR3	IN
756	756			T	IGHV7-4-1		IGHJ5								CARLVYSWNYFDYW		IGH	1	T	F	IGHV7-4-1	IGHJ5	IGHV7	IGHJ5	IMGT_CDR3	IN
757	757			T	IGHV1-46		IGHJ4								CATMVLGFYSNYVYYAMDYW		IGH	1	T	F	IGHV1-46	IGHJ4	IGHV1	IGHJ4	IMGT_CDR3	IN
758	758			T	IGHV5-51		IGHJ4								CARGAMYYGSLHWYFDVW		IGH	1	T	F	IGHV5-51	IGHJ4	IGHV5	IGHJ4	IMGT_CDR3	IN
759	759			T	IGHV4-4		IGHJ5								CAIWLGLSFDYW		IGH	1	T	F	IGHV4-4	IGHJ5	IGHV4	IGHJ5	IMGT_CDR3	IN
760	760			T	IGHV3-7		IGHJ4								CARDLLNYYGSSWYFDVW		IGH	1	T	F	IGHV3-7	IGHJ4	IGHV3	IGHJ4	IMGT_CDR3	IN
761	761			T	IGHV4-39		IGHJ1								CARGGWVVALRWYFDVW		IGH	1	T	F	IGHV4-39	IGHJ1	IGHV4	IGHJ1	IMGT_CDR3	IN
762	762			T	IGHV5-10-1		IGHJ4								CARNLYYYGSSLGFFDYW		IGH	1	T	F	IGHV5-10-1	IGHJ4	IGHV5	IGHJ4	IMGT_CDR3	IN
763	763			T	IGHV3-7		IGHJ3								CARGGIYYGSSFHWYFDVW		IGH	1	T	F	IGHV3-7	IGHJ3	IGHV3	IGHJ3	IMGT_CDR3	IN
764	764			T	IGHV5-10-1		IGHJ2								CARWSMGFSWFAYW		IGH	1	T	F	IGHV5-10-1	IGHJ2	IGHV5	IGHJ2	IMGT_CDR3	IN
765	765			T	IGHV3-7		IGHJ4								CARIRGWGFYWYFDVW		IGH	1	T	F	IGHV3-7	IGHJ4	IGHV3	IGHJ4	IMGT_CDR3	IN
766	766			T	IGHV3-53		IGHJ4								CARIYYGSSFYWYFDVW		IGH	1	T	F	IGHV3-53	IGHJ4	IGHV3	IGHJ4	IMGT_CDR3	IN
767	767			T	IGHV6-1		IGHJ4								CARWVYDYEVYWYFDVW		IGH	1	T	F	IGHV6-1	IGHJ4	IGHV6	IGHJ4	IMGT_CDR3	IN
768	768			T	IGHV3-49		IGHJ6								CARPFITTVVAPWGFAYW		IGH	1	T	F	IGHV3-49	IGHJ6	IGHV3	IGHJ6	IMGT_CDR3	IN
769	769			T	IGHV3-21		IGHJ4								CAREIYYGSSFYWYFDVW		IGH	1	T	F	IGHV3-21	IGHJ4	IGHV3	IGHJ4	IMGT_CDR3	IN
770	770			T	IGHV4-59		IGHJ5								CARRRIYYGSSFYWYFDVW		IGH	1	T	F	IGHV4-59	IGHJ5	IGHV4	IGHJ5	IMGT_CDR3	IN
771	771			T	IGHV3-20		IGHJ4								CVRDSLWLRQTWFAYW		IGH	1	T	F	IGHV3-20	IGHJ4	IGHV3	IGHJ4	IMGT_CDR3	IN
772	772			T	IGHV5-51		IGHJ4								CARAPIYYGNFHWYFDVW		IGH	1	T	F	IGHV5-51	IGHJ4	IGHV5	IGHJ4	IMGT_CDR3	IN
773	773			T	IGHV3-23		IGHJ4								CARRSLYGSSYWDFYFDYW		IGH	1	T	F	IGHV3-23	IGHJ4	IGHV3	IGHJ4	IMGT_CDR3	IN
774	774			T	IGHV3-20		IGHJ4								CVKAVLWLRGGDWYFDVW		IGH	1	T	F	IGHV3-20	IGHJ4	IGHV3	IGHJ4	IMGT_CDR3	IN
775	775			T	IGHV3-13		IGHJ6								CTRTLYYDYDIFDYW		IGH	1	T	F	IGHV3-13	IGHJ6	IGHV3	IGHJ6	IMGT_CDR3	IN
776	776			T	IGHV3-53		IGHJ6								CARIYYSNLDWYFDVW		IGH	1	T	F	IGHV3-53	IGHJ6	IGHV3	IGHJ6	IMGT_CDR3	IN
777	777			T	IGHV4-34		IGHJ4								CARHEEEDLLWLRQTWFAYW		IGH	1	T	F	IGHV4-34	IGHJ4	IGHV4	IGHJ4	IMGT_CDR3	IN
778	778			T	IGHV5-10-1		IGHJ4								CARDLIYYGSSFYWYFDVW		IGH	1	T	F	IGHV5-10-1	IGHJ4	IGHV5	IGHJ4	IMGT_CDR3	IN
779	779			T	IGHV1-24		IGHJ4								CARFGGNLWYFDVW		IGH	1	T	F	IGHV1-24	IGHJ4	IGHV1	IGHJ4	IMGT_CDR3	IN
780	780			T	IGHV3-74		IGHJ6								CARYISFFWYGSSHWYFDVW		IGH	1	T	F	IGHV3-74	IGHJ6	IGHV3	IGHJ6	IMGT_CDR3	IN
781	781			T	IGHV3-NL1		IGHJ4								CAIFYDYDGYWYFDVW		IGH	1	T	F	IGHV3-NL1	IGHJ4	IGHV3	IGHJ4	IMGT_CDR3	IN
782	782			T	IGHV1-3		IGHJ4								CVREGIYYGSSFHWYFDVW		IGH	1	T	F	IGHV1-3	IGHJ4	IGHV1	IGHJ4	IMGT_CDR3	IN
783	783			T	IGHV1-2		IGHJ4								CTLGWSLFAYW		IGH	1	T	F	IGHV1-2	IGHJ4	IGHV1	IGHJ4	IMGT_CDR3	IN
784	784			T	IGHV4-34		IGHJ5								CARRPIYYGNFNWYFDVW		IGH	1	T	F	IGHV4-34	IGHJ5	IGHV4	IGHJ5	IMGT_CDR3	IN
785	785			T	IGHV3-53		IGHJ5								CAFYYDYLEAWFAYW		IGH	1	T	F	IGHV3-53	IGHJ5	IGHV3	IGHJ5	IMGT_CDR3	IN
786	786			T	IGHV7-4-1		IGHJ3								CAQIYYGSSFYWYFDVW		IGH	1	T	F	IGHV7-4-1	IGHJ3	IGHV7	IGHJ3	IMGT_CDR3	IN
787	787			T	IGHV3-23		IGHJ4								CARVLSNYDLCFDYW		IGH	1	T	F	IGHV3-23	IGHJ4	IGHV3	IGHJ4	IMGT_CDR3	IN
788	788			T	IGHV3-53		IGHJ4								CARLDFWQWNWAFAYW		IGH	1	T	F	IGHV3-53	IGHJ4	IGHV3	IGHJ4	IMGT_CDR3	IN
789	789			T	IGHV3-64		IGHJ4								CARRLIYYGSSFYWYFDVW		IGH	1	T	F	IGHV3-64	IGHJ4	IGHV3	IGHJ4	IMGT_CDR3	IN
790	790			T	IGHV3-21		IGHJ4								CARGGNIYYGSSFYWYFDVW		IGH	1	T	F	IGHV3-21	IGHJ4	IGHV3	IGHJ4	IMGT_CDR3	IN
791	791			T	IGHV1-46		IGHJ4								CARLWLRRRVFAYW		IGH	1	T	F	IGHV1-46	IGHJ4	IGHV1	IGHJ4	IMGT_CDR3	IN
792	792			T	IGHV3-15		IGHJ4								CARYLFTTVVARVYW		IGH	1	T	F	IGHV3-15	IGHJ4	IGHV3	IGHJ4	IMGT_CDR3	IN
793	793			T	IGHV3-30-3		IGHJ4								CARIAWDWGWFAYW		IGH	1	T	F	IGHV3-30-3	IGHJ4	IGHV3	IGHJ4	IMGT_CDR3	IN
794	794			T	IGHV1-69		IGHJ4								CARDYYGYDVLYWYFDVW		IGH	1	T	F	IGHV1-69	IGHJ4	IGHV1	IGHJ4	IMGT_CDR3	IN
795	795			T	IGHV4-61		IGHJ4								CARIFYDYDGYWYFDVW		IGH	1	T	F	IGHV4-61	IGHJ4	IGHV4	IGHJ4	IMGT_CDR3	IN
796	796			T	IGHV3-15		IGHJ4								CTRGIYYGSSFHWYFDVW		IGH	1	T	F	IGHV3-15	IGHJ4	IGHV3	IGHJ4	IMGT_CDR3	IN
797	797			T	IGHV1-18		IGHJ1								CARRRAIYYGSSFYWYFDVW		IGH	1	T	F	IGHV1-18	IGHJ1	IGHV1	IGHJ1	IMGT_CDR3	IN
798	798			T	IGHV1-69		IGHJ3								CTGLIYDGYSIWFAYW		IGH	1	T	F	IGHV1-69	IGHJ3	IGHV1	IGHJ3	IMGT_CDR3	IN
799	799			T	IGHV3-7		IGHJ4								CARIYYGSSFHWYFDVW		IGH	1	T	F	IGHV3-7	IGHJ4	IGHV3	IGHJ4	IMGT_CDR3	IN
800	800			T	IGHV3-23		IGHJ4								CARSLFYGSSLAWFAYW		IGH	1	T	F	IGHV3-23	IGHJ4	IGHV3	IGHJ4	IMGT_CDR3	IN
801	801			T	IGHV3-66		IGHJ6								CTLFTTVVVRGYW		IGH	1	T	F	IGHV3-66	IGHJ6	IGHV3	IGHJ6	IMGT_CDR3	IN
802	802			T	IGHV4-39		IGHJ6								CARIIRIRVSYWYFDVW		IGH	1	T	F	IGHV4-39	IGHJ6	IGHV4	IGHJ6	IMGT_CDR3	IN
803	803			T	IGHV7-4-1		IGHJ5								CVYGNYFRWYFDVW		IGH	1	T	F	IGHV7-4-1	IGHJ5	IGHV7	IGHJ5	IMGT_CDR3	IN
804	804			T	IGHV4-34		IGHJ4								CAIHYGNFGWYFDVW		IGH	1	T	F	IGHV4-34	IGHJ4	IGHV4	IGHJ4	IMGT_CDR3	IN
805	805			T	IGHV3-20		IGHJ5								CARSGVITTVVDLYFDYW		IGH	1	T	F	IGHV3-20	IGHJ5	IGHV3	IGHJ5	IMGT_CDR3	IN
806	806			T	IGHV1-3		IGHJ5								CAMYDYPLGWYFDVW		IGH	1	T	F	IGHV1-3	IGHJ5	IGHV1	IGHJ5	IMGT_CDR3	IN
807	807			T	IGHV1-3		IGHJ5								CAPIYYGNFNWYFDVW		IGH	1	T	F	IGHV1-3	IGHJ5	IGHV1	IGHJ5	IMGT_CDR3	IN
808	808			T	IGHV3-15		IGHJ3								CARIEGVWLRFYWYFDVW		IGH	1	T	F	IGHV3-15	IGHJ3	IGHV3	IGHJ3	IMGT_CDR3	IN
809	809			T	IGHV1-18		IGHJ6								CARTIYYGSSFYWYFDVW		IGH	1	T	F	IGHV1-18	IGHJ6	IGHV1	IGHJ6	IMGT_CDR3	IN
810	810			T	IGHV4-39		IGHJ5								CARHPIYYGNFDWYFDVW		IGH	1	T	F	IGHV4-39	IGHJ5	IGHV4	IGHJ5	IMGT_CDR3	IN
811	811			T	IGHV1-18		IGHJ4								CAIHFYYGNFWYFDVW		IGH	1	T	F	IGHV1-18	IGHJ4	IGHV1	IGHJ4	IMGT_CDR3	IN
812	812			T	IGHV7-4-1		IGHJ5								CAREPNFITTVVEYYFDYW		IGH	1	T	F	IGHV7-4-1	IGHJ5	IGHV7	IGHJ5	IMGT_CDR3	IN
813	813			T	IGHV1-69		IGHJ5								CASLFYGSSLAWFAYW		IGH	1	T	F	IGHV1-69	IGHJ5	IGHV1	IGHJ5	IMGT_CDR3	IN
814	814			T	IGHV1-2		IGHJ5								CARFLPFYDYDVGYW		IGH	1	T	F	IGHV1-2	IGHJ5	IGHV1	IGHJ5	IMGT_CDR3	IN
815	815			T	IGHV3-NL1		IGHJ4								CARSGIYYDFERFAYW		IGH	1	T	F	IGHV3-NL1	IGHJ4	IGHV3	IGHJ4	IMGT_CDR3	IN
816	816			T	IGHV3-23		IGHJ4								CAIGFYGSSLLYWYFDVW		IGH	1	T	F	IGHV3-23	IGHJ4	IGHV3	IGHJ4	IMGT_CDR3	IN
817	817			T	IGHV3-53		IGHJ4								CARQLRLPIYFDYW		IGH	1	T	F	IGHV3-53	IGHJ4	IGHV3	IGHJ4	IMGT_CDR3	IN
818	818			T	IGHV3-49		IGHJ1								CARLDRNYYGYDVLHWYFDVW		IGH	1	T	F	IGHV3-49	IGHJ1	IGHV3	IGHJ1	IMGT_CDR3	IN
819	819			T	IGHV1-3		IGHJ4								CARGIYYGSSFYWYFDVW		IGH	1	T	F	IGHV1-3	IGHJ4	IGHV1	IGHJ4	IMGT_CDR3	IN
820	820			T	IGHV3-43D		IGHJ4								CARWGLHWDVFFDYW		IGH	1	T	F	IGHV3-43D	IGHJ4	IGHV3	IGHJ4	IMGT_CDR3	IN
821	821			T	IGHV3-15		IGHJ6								CARIGLRLDYYAMDYW		IGH	1	T	F	IGHV3-15	IGHJ6	IGHV3	IGHJ6	IMGT_CDR3	IN
822	822			T	IGHV4-38-2		IGHJ6								CARRGIYYGSSFYWYFDVW		IGH	1	T	F	IGHV4-38-2	IGHJ6	IGHV4	IGHJ6	IMGT_CDR3	IN
823	823			T	IGHV4-38-2		IGHJ4								CARLASLNWIFDYW		IGH	1	T	F	IGHV4-38-2	IGHJ4	IGHV4	IGHJ4	IMGT_CDR3	IN
824	824			T	IGHV3-21		IGHJ4								CARDALYYDYHYWYFDVW		IGH	1	T	F	IGHV3-21	IGHJ4	IGHV3	IGHJ4	IMGT_CDR3	IN
825	825			T	IGHV3-23		IGHJ4								CASPSYYYGVVLAWFAYW		IGH	1	T	F	IGHV3-23	IGHJ4	IGHV3	IGHJ4	IMGT_CDR3	IN
826	826			T	IGHV3-23		IGHJ6								CARVLLLLRGGQGFDYW		IGH	1	T	F	IGHV3-23	IGHJ6	IGHV3	IGHJ6	IMGT_CDR3	IN
827	827			T	IGHV3-NL1		IGHJ6								CARNFLSMITYAMDYW		IGH	1	T	F	IGHV3-NL1	IGHJ6	IGHV3	IGHJ6	IMGT_CDR3	IN
828	828			T	IGHV4-39		IGHJ2								CAGIYYGSSFYWYFDVW		IGH	1	T	F	IGHV4-39	IGHJ2	IGHV4	IGHJ2	IMGT_CDR3	IN
829	829			T	IGHV4-4		IGHJ4								CARLGITTVLLDFDVW		IGH	1	T	F	IGHV4-4	IGHJ4	IGHV4	IGHJ4	IMGT_CDR3	IN
830	830			T	IGHV4-34		IGHJ5								CASKGIYYGSSFYWYFDVW		IGH	1	T	F	IGHV4-34	IGHJ5	IGHV4	IGHJ5	IMGT_CDR3	IN
831	831			T	IGHV3-49		IGHJ4								CARSGPIYYGNFHWYFDVW		IGH	1	T	F	IGHV3-49	IGHJ4	IGHV3	IGHJ4	IMGT_CDR3	IN
832	832			T	IGHV3-21		IGHJ3								CARKDLYGSSYFGYYFDYW		IGH	1	T	F	IGHV3-21	IGHJ3	IGHV3	IGHJ3	IMGT_CDR3	IN
833	833			T	IGHV4-39		IGHJ6								CARHRSLLWLPYYFDYW		IGH	1	T	F	IGHV4-39	IGHJ6	IGHV4	IGHJ6	IMGT_CDR3	IN
834	834			T	IGHV4-59		IGHJ4								CTRGGKLWLRQTWFAYW		IGH	1	T	F	IGHV4-59	IGHJ4	IGHV4	IGHJ4	IMGT_CDR3	IN
835	835			T	IGHV1-46		IGHJ1								CANVLWLRGGDWYFDVW		IGH	1	T	F	IGHV1-46	IGHJ1	IGHV1	IGHJ1	IMGT_CDR3	IN
836	836			T	IGHV1-2		IGHJ4								CARPLSLYYDYEAWFAYW		IGH	1	T	F	IGHV1-2	IGHJ4	IGHV1	IGHJ4	IMGT_CDR3	IN
837	837			T	IGHV7-4-1		IGHJ6								CAREGVFITTVRVRFDYW		IGH	1	T	F	IGHV7-4-1	IGHJ6	IGHV7	IGHJ6	IMGT_CDR3	IN
838	838			T	IGHV4-38-2		IGHJ4								CARGGIYYGSSFYWYFDVW		IGH	1	T	F	IGHV4-38-2	IGHJ4	IGHV4	IGHJ4	IMGT_CDR3	IN
839	839			T	IGHV3-NL1		IGHJ6								CARKIGLRLGAMDYW		IGH	1	T	F	IGHV3-NL1	IGHJ6	IGHV3	IGHJ6	IMGT_CDR3	IN
840	840			T	IGHV4-61		IGHJ3								CARGRLIYYGSSFNWYFDVW		IGH	1	T	F	IGHV4-61	IGHJ3	IGHV4	IGHJ3	IMGT_CDR3	IN
841	841			T	IGHV3-43D		IGHJ6								CARIAYGSLYWYFDVW		IGH	1	T	F	IGHV3-43D	IGHJ6	IGHV3	IGHJ6	IMGT_CDR3	IN
842	842			T	IGHV3-23		IGHJ3								CARSENFITTVVAYYFDYW		IGH	1	T	F	IGHV3-23	IGHJ3	IGHV3	IGHJ3	IMGT_CDR3	IN
843	843			T	IGHV3-48		IGHJ4								CASGNFITTVVPYYFDYW		IGH	1	T	F	IGHV3-48	IGHJ4	IGHV3	IGHJ4	IMGT_CDR3	IN
844	844			T	IGHV4-61		IGHJ5								CVRQRLLPWYFDVW		IGH	1	T	F	IGHV4-61	IGHJ5	IGHV4	IGHJ5	IMGT_CDR3	IN
845	845			T	IGHV3-33		IGHJ4								CARLGVGLRRDWYFDVW		IGH	1	T	F	IGHV3-33	IGHJ4	IGHV3	IGHJ4	IMGT_CDR3	IN
846	846			T	IGHV3-11		IGHJ5								CARNEGIYYGSSFYWYFDVW		IGH	1	T	F	IGHV3-11	IGHJ5	IGHV3	IGHJ5	IMGT_CDR3	IN
847	847			T	IGHV3-NL1		IGHJ6								CARYLPVPLHWYFDVW		IGH	1	T	F	IGHV3-NL1	IGHJ6	IGHV3	IGHJ6	IMGT_CDR3	IN
848	848			T	IGHV1-46		IGHJ4								CARDGGLYYYGIPFAYW		IGH	1	T	F	IGHV1-46	IGHJ4	IGHV1	IGHJ4	IMGT_CDR3	IN
849	849			T	IGHV7-4-1		IGHJ6								CARGLVGTVVAHWYFDVW		IGH	1	T	F	IGHV7-4-1	IGHJ6	IGHV7	IGHJ6	IMGT_CDR3	IN
850	850			T	IGHV3-23		IGHJ1								CARESHLLWLRRGFWYFDVW		IGH	1	T	F	IGHV3-23	IGHJ1	IGHV3	IGHJ1	IMGT_CDR3	IN
851	851			T	IGHV4-59		IGHJ4								CARVQLRLRYFDYW		IGH	1	T	F	IGHV4-59	IGHJ4	IGHV4	IGHJ4	IMGT_CDR3	IN
852	852			T	IGHV4-59		IGHJ6								CARFITTVQVGDYFDYW		IGH	1	T	F	IGHV4-59	IGHJ6	IGHV4	IGHJ6	IMGT_CDR3	IN
853	853			T	IGHV3-NL1		IGHJ4								CAMVFPLEDFDYW		IGH	1	T	F	IGHV3-NL1	IGHJ4	IGHV3	IGHJ4	IMGT_CDR3	IN
854	854			T	IGHV3-53		IGHJ4								CARDVWIYYGSSFYWYFDVW		IGH	1	T	F	IGHV3-53	IGHJ4	IGHV3	IGHJ4	IMGT_CDR3	IN
855	855			T	IGHV1-3		IGHJ4								CARIATPLLQVYFDYW		IGH	1	T	F	IGHV1-3	IGHJ4	IGHV1	IGHJ4	IMGT_CDR3	IN
856	856			T	IGHV4-38-2		IGHJ5								CARARIYYGSSFYWYFDVW		IGH	1	T	F	IGHV4-38-2	IGHJ5	IGHV4	IGHJ5	IMGT_CDR3	IN
857	857			T	IGHV5-51		IGHJ5								CAWVFDYDVYYFDYW		IGH	1	T	F	IGHV5-51	IGHJ5	IGHV5	IGHJ5	IMGT_CDR3	IN
858	858			T	IGHV3-49		IGHJ4								CARHEEGLWLRQTWFAYW		IGH	1	T	F	IGHV3-49	IGHJ4	IGHV3	IGHJ4	IMGT_CDR3	IN
859	859			T	IGHV1-3		IGHJ4								CYYYSNLYWYFDVW		IGH	1	T	F	IGHV1-3	IGHJ4	IGHV1	IGHJ4	IMGT_CDR3	IN
860	860			T	IGHV4-59		IGHJ6								CLYSNFPYWYFDVW		IGH	1	T	F	IGHV4-59	IGHJ6	IGHV4	IGHJ6	IMGT_CDR3	IN
861	861			T	IGHV4-4		IGHJ3								CVRALPLVLDVW		IGH	1	T	F	IGHV4-4	IGHJ3	IGHV4	IGHJ3	IMGT_CDR3	IN
862	862			T	IGHV3-11		IGHJ6								CVYGNYFHWYFDVW		IGH	1	T	F	IGHV3-11	IGHJ6	IGHV3	IGHJ6	IMGT_CDR3	IN
863	863			T	IGHV4-59		IGHJ4								CVSLPLTGFAYW		IGH	1	T	F	IGHV4-59	IGHJ4	IGHV4	IGHJ4	IMGT_CDR3	IN
864	864			T	IGHV3-13		IGHJ6								CARIWYDLYAMDYW		IGH	1	T	F	IGHV3-13	IGHJ6	IGHV3	IGHJ6	IMGT_CDR3	IN
865	865			T	IGHV3-7		IGHJ4								CARRDLLWLRQTWFAYW		IGH	1	T	F	IGHV3-7	IGHJ4	IGHV3	IGHJ4	IMGT_CDR3	IN
866	866			T	IGHV3-30		IGHJ4								CARSRRRRIYYGSSFHWYFDVW		IGH	1	T	F	IGHV3-30	IGHJ4	IGHV3	IGHJ4	IMGT_CDR3	IN
867	867			T	IGHV3-20		IGHJ4								CTVPIYYDSLFDYW		IGH	1	T	F	IGHV3-20	IGHJ4	IGHV3	IGHJ4	IMGT_CDR3	IN
868	868			T	IGHV3-NL1		IGHJ3								CTRPSYYGYDVLHWYFDVW		IGH	1	T	F	IGHV3-NL1	IGHJ3	IGHV3	IGHJ3	IMGT_CDR3	IN
869	869			T	IGHV5-51		IGHJ5								CARSPLYYGYDIFDYW		IGH	1	T	F	IGHV5-51	IGHJ5	IGHV5	IGHJ5	IMGT_CDR3	IN
870	870			T	IGHV6-1		IGHJ3								CAREGLLYYGNFPHAMDYW		IGH	1	T	F	IGHV6-1	IGHJ3	IGHV6	IGHJ3	IMGT_CDR3	IN
871	871			T	IGHV1-3		IGHJ6								CARPLYGYDRLDYFWYFDVW		IGH	1	T	F	IGHV1-3	IGHJ6	IGHV1	IGHJ6	IMGT_CDR3	IN
872	872			T	IGHV3-NL1		IGHJ6								CARHEDGLWLRQTWFAYW		IGH	1	T	F	IGHV3-NL1	IGHJ6	IGHV3	IGHJ6	IMGT_CDR3	IN
873	873			T	IGHV3-NL1		IGHJ3								CANLITIKYYFDYW		IGH	1	T	F	IGHV3-NL1	IGHJ3	IGHV3	IGHJ3	IMGT_CDR3	IN
874	874			T	IGHV1-18		IGHJ3								CARDAPIYYGSSFDWYFDVW		IGH	1	T	F	IGHV1-18	IGHJ3	IGHV1	IGHJ3	IMGT_CDR3	IN
875	875			T	IGHV4-61		IGHJ5								CARYHWDFWYFDVW		IGH	1	T	F	IGHV4-61	IGHJ5	IGHV4	IGHJ5	IMGT_CDR3	IN
876	876			T	IGHV4-4		IGHJ4								CARIVLGTKVLYFDYW		IGH	1	T	F	IGHV4-4	IGHJ4	IGHV4	IGHJ4	IMGT_CDR3	IN
877	877			T	IGHV3-NL1		IGHJ3								CAIFITTVVAPWGFMDYW		IGH	1	T	F	IGHV3-NL1	IGHJ3	IGHV3	IGHJ3	IMGT_CDR3	IN
878	878			T	IGHV5-51		IGHJ5								CALAVDYAWFAYW		IGH	1	T	F	IGHV5-51	IGHJ5	IGHV5	IGHJ5	IMGT_CDR3	IN
879	879			T	IGHV2-26		IGHJ4								CVGLITWYFDVW		IGH	1	T	F	IGHV2-26	IGHJ4	IGHV2	IGHJ4	IMGT_CDR3	IN
880	880			T	IGHV3-15		IGHJ5								CARQLRLGIYFDYW		IGH	1	T	F	IGHV3-15	IGHJ5	IGHV3	IGHJ5	IMGT_CDR3	IN
881	881			T	IGHV1-69		IGHJ5								CARFYSNQSLYWYFDVW		IGH	1	T	F	IGHV1-69	IGHJ5	IGHV1	IGHJ5	IMGT_CDR3	IN
882	882			T	IGHV3-43D		IGHJ4								CARSLVGTVVAHWYFDVW		IGH	1	T	F	IGHV3-43D	IGHJ4	IGHV3	IGHJ4	IMGT_CDR3	IN
883	883			T	IGHV2-5		IGHJ4								CARGWLLLPLGDYW		IGH	1	T	F	IGHV2-5	IGHJ4	IGHV2	IGHJ4	IMGT_CDR3	IN
884	884			T	IGHV2-70		IGHJ4								CARRGIYYGSSFHWYFDVW		IGH	1	T	F	IGHV2-70	IGHJ4	IGHV2	IGHJ4	IMGT_CDR3	IN
885	885			T	IGHV5-51		IGHJ4								CARRSYYGYDVLHWYFDVW		IGH	1	T	F	IGHV5-51	IGHJ4	IGHV5	IGHJ4	IMGT_CDR3	IN
886	886			T	IGHV1-69		IGHJ6								CARVPLSVGWFAYW		IGH	1	T	F	IGHV1-69	IGHJ6	IGHV1	IGHJ6	IMGT_CDR3	IN
887	887			T	IGHV3-13		IGHJ3								CARWEILYDYDRVPLW		IGH	1	T	F	IGHV3-13	IGHJ3	IGHV3	IGHJ3	IMGT_CDR3	IN
888	888			T	IGHV1-2		IGHJ4								CARIYYSNLHWYFDVW		IGH	1	T	F	IGHV1-2	IGHJ4	IGHV1	IGHJ4	IMGT_CDR3	IN
889	889			T	IGHV3-74		IGHJ4								CTGIYSNFAWFAYW		IGH	1	T	F	IGHV3-74	IGHJ4	IGHV3	IGHJ4	IMGT_CDR3	IN
890	890			T	IGHV3-53		IGHJ4								CTRLRLGLYWYFDVW		IGH	1	T	F	IGHV3-53	IGHJ4	IGHV3	IGHJ4	IMGT_CDR3	IN
891	891			T	IGHV4-59		IGHJ6								CALGDSLWYFDVW		IGH	1	T	F	IGHV4-59	IGHJ6	IGHV4	IGHJ6	IMGT_CDR3	IN
892	892			T	IGHV3-23		IGHJ4								CAREGYLLWLRRGFAYW		IGH	1	T	F	IGHV3-23	IGHJ4	IGHV3	IGHJ4	IMGT_CDR3	IN
893	893			T	IGHV3-74		IGHJ4								CAYLLWLRRGFAYW		IGH	1	T	F	IGHV3-74	IGHJ4	IGHV3	IGHJ4	IMGT_CDR3	IN
894	894			T	IGHV6-1		IGHJ6								CARGGLYGYDVGWYFDVW		IGH	1	T	F	IGHV6-1	IGHJ6	IGHV6	IGHJ6	IMGT_CDR3	IN
895	895			T	IGHV3-21		IGHJ4								CARYIGWVHWYFDVW		IGH	1	T	F	IGHV3-21	IGHJ4	IGHV3	IGHJ4	IMGT_CDR3	IN
896	896			T	IGHV3-53		IGHJ6								CARRVLITTVVAFDYW		IGH	1	T	F	IGHV3-53	IGHJ6	IGHV3	IGHJ6	IMGT_CDR3	IN
897	897			T	IGHV3-49		IGHJ5								CATYLLWLRRGFAYW		IGH	1	T	F	IGHV3-49	IGHJ5	IGHV3	IGHJ5	IMGT_CDR3	IN
898	898			T	IGHV3-NL1		IGHJ5								CARDGENFRQLRLPLAYW		IGH	1	T	F	IGHV3-NL1	IGHJ5	IGHV3	IGHJ5	IMGT_CDR3	IN
899	899			T	IGHV3-NL1		IGHJ4								CTTWGYYFAWFAYW		IGH	1	T	F	IGHV3-NL1	IGHJ4	IGHV3	IGHJ4	IMGT_CDR3	IN
900	900			T	IGHV3-23		IGHJ6								CAVGLLLRIHWYFDVW		IGH	1	T	F	IGHV3-23	IGHJ6	IGHV3	IGHJ6	IMGT_CDR3	IN
901	901			T	IGHV3-53		IGHJ2								CAGYLLWLRRGFAYW		IGH	1	T	F	IGHV3-53	IGHJ2	IGHV3	IGHJ2	IMGT_CDR3	IN
902	902			T	IGHV4-59		IGHJ3								CARVWLRTGIGFYYFDYW		IGH	1	T	F	IGHV4-59	IGHJ3	IGHV4	IGHJ3	IMGT_CDR3	IN
903	903			T	IGHV1-2		IGHJ4								CLLYYGNYGFAYW		IGH	1	T	F	IGHV1-2	IGHJ4	IGHV1	IGHJ4	IMGT_CDR3	IN
904	904			T	IGHV3-15		IGHJ4								CARVLITTVVAFDYW		IGH	1	T	F	IGHV3-15	IGHJ4	IGHV3	IGHJ4	IMGT_CDR3	IN
905	905			T	IGHV3-NL1		IGHJ4								CARWIHYDVWYFDVW		IGH	1	T	F	IGHV3-NL1	IGHJ4	IGHV3	IGHJ4	IMGT_CDR3	IN
906	906			T	IGHV3-48		IGHJ4								CARGIFLFPITTVVATRYAMDYW		IGH	1	T	F	IGHV3-48	IGHJ4	IGHV3	IGHJ4	IMGT_CDR3	IN
907	907			T	IGHV4-38-2		IGHJ4								CARNLLYYGNYGFAYW		IGH	1	T	F	IGHV4-38-2	IGHJ4	IGHV4	IGHJ4	IMGT_CDR3	IN
908	908			T	IGHV3-23		IGHJ4								CVIGALHWYFDVW		IGH	1	T	F	IGHV3-23	IGHJ4	IGHV3	IGHJ4	IMGT_CDR3	IN
909	909			T	IGHV3-13		IGHJ5								CARCGLLYYGNYGFAYW		IGH	1	T	F	IGHV3-13	IGHJ5	IGHV3	IGHJ5	IMGT_CDR3	IN
910	910			T	IGHV3-11		IGHJ4								CIYSNFAWFAYW		IGH	1	T	F	IGHV3-11	IGHJ4	IGHV3	IGHJ4	IMGT_CDR3	IN
911	911			T	IGHV3-15		IGHJ4								CAKVLITTVVAFDYW		IGH	1	T	F	IGHV3-15	IGHJ4	IGHV3	IGHJ4	IMGT_CDR3	IN
912	912			T	IGHV3-11		IGHJ4								CTVLLPLRGYFDVW		IGH	1	T	F	IGHV3-11	IGHJ4	IGHV3	IGHJ4	IMGT_CDR3	IN
913	913			T	IGHV3-48		IGHJ4								CAQISFITTVVAPFWYFDVW		IGH	1	T	F	IGHV3-48	IGHJ4	IGHV3	IGHJ4	IMGT_CDR3	IN
914	914			T	IGHV2-26		IGHJ5								CARRGGLLLRSSLGDYW		IGH	1	T	F	IGHV2-26	IGHJ5	IGHV2	IGHJ5	IMGT_CDR3	IN
915	915			T	IGHV2-70		IGHJ5								CARIVRFITTVVAPFWYFDVW		IGH	1	T	F	IGHV2-70	IGHJ5	IGHV2	IGHJ5	IMGT_CDR3	IN
916	916			T	IGHV3-23		IGHJ4								CTYLLWLRRGFAYW		IGH	1	T	F	IGHV3-23	IGHJ4	IGHV3	IGHJ4	IMGT_CDR3	IN
917	917			T	IGHV3-49		IGHJ4								CARIAVLITTVVHFDYW		IGH	1	T	F	IGHV3-49	IGHJ4	IGHV3	IGHJ4	IMGT_CDR3	IN
918	918			T	IGHV3-23		IGHJ4								CTEALLYYGNYPFAYW		IGH	1	T	F	IGHV3-23	IGHJ4	IGHV3	IGHJ4	IMGT_CDR3	IN
919	919			T	IGHV2-26		IGHJ3								CTFITTVVAPFWYFDVW		IGH	1	T	F	IGHV2-26	IGHJ3	IGHV2	IGHJ3	IMGT_CDR3	IN
920	920			T	IGHV7-4-1		IGHJ4								CARSVFITTVVARFWYFDVW		IGH	1	T	F	IGHV7-4-1	IGHJ4	IGHV7	IGHJ4	IMGT_CDR3	IN
921	921			T	IGHV2-26		IGHJ4								CQVLITTVVGFDYW		IGH	1	T	F	IGHV2-26	IGHJ4	IGHV2	IGHJ4	IMGT_CDR3	IN
922	922			T	IGHV4-39		IGHJ4								CARPYLLWLRRGFAYW		IGH	1	T	F	IGHV4-39	IGHJ4	IGHV4	IGHJ4	IMGT_CDR3	IN
923	923			T	IGHV3-7		IGHJ3								CARWGYGFAWFAYW		IGH	1	T	F	IGHV3-7	IGHJ3	IGHV3	IGHJ3	IMGT_CDR3	IN
924	924			T	IGHV2-70		IGHJ5								CTRVLITTVVEFDYW		IGH	1	T	F	IGHV2-70	IGHJ5	IGHV2	IGHJ5	IMGT_CDR3	IN
925	925			T	IGHV4-61		IGHJ5								CAPYLLWLRRGFAYW		IGH	1	T	F	IGHV4-61	IGHJ5	IGHV4	IGHJ5	IMGT_CDR3	IN
926	926			T	IGHV3-23		IGHJ6								CARERVLITTVVGFDYW		IGH	1	T	F	IGHV3-23	IGHJ6	IGHV3	IGHJ6	IMGT_CDR3	IN
927	927			T	IGHV3-74		IGHJ4								CAFITTVVAPFWYFDVW		IGH	1	T	F	IGHV3-74	IGHJ4	IGHV3	IGHJ4	IMGT_CDR3	IN
928	928			T	IGHV1-46		IGHJ4								CARLGLLRLRDYW		IGH	1	T	F	IGHV1-46	IGHJ4	IGHV1	IGHJ4	IMGT_CDR3	IN
929	929			T	IGHV1-2		IGHJ3								CARSIVYDYAWFAYW		IGH	1	T	F	IGHV1-2	IGHJ3	IGHV1	IGHJ3	IMGT_CDR3	IN
930	930			T	IGHV1-2		IGHJ4								CRLLLRSSLGDYW		IGH	1	T	F	IGHV1-2	IGHJ4	IGHV1	IGHJ4	IMGT_CDR3	IN
931	931			T	IGHV1-2		IGHJ6								CARNLGDGYLGWYFDVW		IGH	1	T	F	IGHV1-2	IGHJ6	IGHV1	IGHJ6	IMGT_CDR3	IN
932	932			T	IGHV3-23		IGHJ4								CAITIYYDYFYYAMDYW		IGH	1	T	F	IGHV3-23	IGHJ4	IGHV3	IGHJ4	IMGT_CDR3	IN
933	933			T	IGHV3-23		IGHJ4								CARSIYSNFAWFAYW		IGH	1	T	F	IGHV3-23	IGHJ4	IGHV3	IGHJ4	IMGT_CDR3	IN
934	934			T	IGHV1-2		IGHJ4								CASSLGGLPLGFAYW		IGH	1	T	F	IGHV1-2	IGHJ4	IGHV1	IGHJ4	IMGT_CDR3	IN
935	935			T	IGHV3-11		IGHJ4								CARWGYYFAWFAYW		IGH	1	T	F	IGHV3-11	IGHJ4	IGHV3	IGHJ4	IMGT_CDR3	IN
936	936			T	IGHV1-69		IGHJ4								CARGGLGDPLWYFDVW		IGH	1	T	F	IGHV1-69	IGHJ4	IGHV1	IGHJ4	IMGT_CDR3	IN
937	937			T	IGHV1-2		IGHJ6								CAIPPLYYYGSIPLSMDYW		IGH	1	T	F	IGHV1-2	IGHJ6	IGHV1	IGHJ6	IMGT_CDR3	IN
938	938			T	IGHV3-30		IGHJ4								CTTLITTVVATPLVW		IGH	1	T	F	IGHV3-30	IGHJ4	IGHV3	IGHJ4	IMGT_CDR3	IN
939	939			T	IGHV3-NL1		IGHJ4								CARFNWDVSYWYFDVW		IGH	1	T	F	IGHV3-NL1	IGHJ4	IGHV3	IGHJ4	IMGT_CDR3	IN
940	940			T	IGHV1-69		IGHJ6								CTVLITTVVAFDYW		IGH	1	T	F	IGHV1-69	IGHJ6	IGHV1	IGHJ6	IMGT_CDR3	IN
941	941			T	IGHV4-34		IGHJ4								CAGIYSNFAWFAYW		IGH	1	T	F	IGHV4-34	IGHJ4	IGHV4	IGHJ4	IMGT_CDR3	IN
942	942			T	IGHV3-NL1		IGHJ4								CARFDWDVPYWYFDVW		IGH	1	T	F	IGHV3-NL1	IGHJ4	IGHV3	IGHJ4	IMGT_CDR3	IN
943	943			T	IGHV4-39		IGHJ5								CARLFGGLYAMDYW		IGH	1	T	F	IGHV4-39	IGHJ5	IGHV4	IGHJ5	IMGT_CDR3	IN
944	944			T	IGHV3-NL1		IGHJ4								CARVWLPLYWYFDVW		IGH	1	T	F	IGHV3-NL1	IGHJ4	IGHV3	IGHJ4	IMGT_CDR3	IN
945	945			T	IGHV3-23		IGHJ4								CARFFDGYYWNFDYW		IGH	1	T	F	IGHV3-23	IGHJ4	IGHV3	IGHJ4	IMGT_CDR3	IN
946	946			T	IGHV3-72		IGHJ4								CARWVFWGLPMAMDYW		IGH	1	T	F	IGHV3-72	IGHJ4	IGHV3	IGHJ4	IMGT_CDR3	IN
947	947			T	IGHV3-11		IGHJ4								CTRPGGWLLLRWYFDVW		IGH	1	T	F	IGHV3-11	IGHJ4	IGHV3	IGHJ4	IMGT_CDR3	IN
948	948			T	IGHV3-43		IGHJ4								CARSEVLITTVVGFDYW		IGH	1	T	F	IGHV3-43	IGHJ4	IGHV3	IGHJ4	IMGT_CDR3	IN
949	949			T	IGHV3-13		IGHJ5								CARREFITTVVATFWYFDVW		IGH	1	T	F	IGHV3-13	IGHJ5	IGHV3	IGHJ5	IMGT_CDR3	IN
950	950			T	IGHV3-NL1		IGHJ6								CARGFYYGNFPFYYAMDYW		IGH	1	T	F	IGHV3-NL1	IGHJ6	IGHV3	IGHJ6	IMGT_CDR3	IN
951	951			T	IGHV3-20		IGHJ4								CARILIYDGYQAWFAYW		IGH	1	T	F	IGHV3-20	IGHJ4	IGHV3	IGHJ4	IMGT_CDR3	IN
952	952			T	IGHV1-69		IGHJ4								CAIGLLLRGEYFDYW		IGH	1	T	F	IGHV1-69	IGHJ4	IGHV1	IGHJ4	IMGT_CDR3	IN
953	953			T	IGHV3-7		IGHJ5								CTSSYLLWLRRGFAYW		IGH	1	T	F	IGHV3-7	IGHJ5	IGHV3	IGHJ5	IMGT_CDR3	IN
954	954			T	IGHV7-4-1		IGHJ4								CANYLLWLRRGFAYW		IGH	1	T	F	IGHV7-4-1	IGHJ4	IGHV7	IGHJ4	IMGT_CDR3	IN
955	955			T	IGHV4-59		IGHJ4								CVLITTVVAFDYW		IGH	1	T	F	IGHV4-59	IGHJ4	IGHV4	IGHJ4	IMGT_CDR3	IN
956	956			T	IGHV3-53		IGHJ6								CARRRLHYYVSTYWYFDVW		IGH	1	T	F	IGHV3-53	IGHJ6	IGHV3	IGHJ6	IMGT_CDR3	IN
957	957			T	IGHV3-15		IGHJ6								CAILGLTTVGAPLAYW		IGH	1	T	F	IGHV3-15	IGHJ6	IGHV3	IGHJ6	IMGT_CDR3	IN
958	958			T	IGHV2-26		IGHJ4								CFPLLLRSSLGDYW		IGH	1	T	F	IGHV2-26	IGHJ4	IGHV2	IGHJ4	IMGT_CDR3	IN
959	959			T	IGHV3-11		IGHJ6								CARIGVTTLYWYFDVW		IGH	1	T	F	IGHV3-11	IGHJ6	IGHV3	IGHJ6	IMGT_CDR3	IN
960	960			T	IGHV3-53		IGHJ6								CARPLLLRSSLGDYW		IGH	1	T	F	IGHV3-53	IGHJ6	IGHV3	IGHJ6	IMGT_CDR3	IN
961	961			T	IGHV5-51		IGHJ4								CARSLLYYGNYSFAYW		IGH	1	T	F	IGHV5-51	IGHJ4	IGHV5	IGHJ4	IMGT_CDR3	IN
962	962			T	IGHV3-23		IGHJ4								CARSLFHYYGSTYYFDYW		IGH	1	T	F	IGHV3-23	IGHJ4	IGHV3	IGHJ4	IMGT_CDR3	IN
963	963			T	IGHV4-61		IGHJ3								CARIGLWLRYYAMDYW		IGH	1	T	F	IGHV4-61	IGHJ3	IGHV4	IGHJ3	IMGT_CDR3	IN
964	964			T	IGHV3-23		IGHJ4								CTVGYYLGWFAYW		IGH	1	T	F	IGHV3-23	IGHJ4	IGHV3	IGHJ4	IMGT_CDR3	IN
965	965			T	IGHV3-7		IGHJ4								CARYLRLRYYFDYW		IGH	1	T	F	IGHV3-7	IGHJ4	IGHV3	IGHJ4	IMGT_CDR3	IN
966	966			T	IGHV3-NL1		IGHJ5								CARGMDYDVVIIVDPPLSFDYW		IGH	1	T	F	IGHV3-NL1	IGHJ5	IGHV3	IGHJ5	IMGT_CDR3	IN
967	967			T	IGHV3-53		IGHJ5								CARWGYDFAWFAYW		IGH	1	T	F	IGHV3-53	IGHJ5	IGHV3	IGHJ5	IMGT_CDR3	IN
968	968			T	IGHV4-39		IGHJ6								CARYGIYYDMPLMDYW		IGH	1	T	F	IGHV4-39	IGHJ6	IGHV4	IGHJ6	IMGT_CDR3	IN
969	969			T	IGHV6-1		IGHJ4								CAIENLLLSFDYW		IGH	1	T	F	IGHV6-1	IGHJ4	IGHV6	IGHJ4	IMGT_CDR3	IN
970	970			T	IGHV2-5		IGHJ4								CVLITTVVSFDYW		IGH	1	T	F	IGHV2-5	IGHJ4	IGHV2	IGHJ4	IMGT_CDR3	IN
971	971			T	IGHV3-23		IGHJ4								CAMSLLWYPFAYW		IGH	1	T	F	IGHV3-23	IGHJ4	IGHV3	IGHJ4	IMGT_CDR3	IN
972	972			T	IGHV4-59		IGHJ4								CARSLWELRLQAFAYW		IGH	1	T	F	IGHV4-59	IGHJ4	IGHV4	IGHJ4	IMGT_CDR3	IN
973	973			T	IGHV4-4		IGHJ4								CALLYYGNYGFAYW		IGH	1	T	F	IGHV4-4	IGHJ4	IGHV4	IGHJ4	IMGT_CDR3	IN
974	974			T	IGHV3-20		IGHJ4								CTGFYYDYDGIAWFAYW		IGH	1	T	F	IGHV3-20	IGHJ4	IGHV3	IGHJ4	IMGT_CDR3	IN
975	975			T	IGHV3-13		IGHJ4								CYLLWLRRRFAYW		IGH	1	T	F	IGHV3-13	IGHJ4	IGHV3	IGHJ4	IMGT_CDR3	IN
976	976			T	IGHV5-10-1		IGHJ4								CARFAYYSNFYWYFDVW		IGH	1	T	F	IGHV5-10-1	IGHJ4	IGHV5	IGHJ4	IMGT_CDR3	IN
977	977			T	IGHV1-2		IGHJ4								CARILIYDGYPAWFAYW		IGH	1	T	F	IGHV1-2	IGHJ4	IGHV1	IGHJ4	IMGT_CDR3	IN
978	978			T	IGHV4-59		IGHJ4								CARGGYLLWLRRGFAYW		IGH	1	T	F	IGHV4-59	IGHJ4	IGHV4	IGHJ4	IMGT_CDR3	IN
979	979			T	IGHV3-15		IGHJ4								CAGGLYGYDVDWYFDVW		IGH	1	T	F	IGHV3-15	IGHJ4	IGHV3	IGHJ4	IMGT_CDR3	IN
980	980			T	IGHV4-34		IGHJ4								CARSSSFLFPITTVVATGSYYAMDYW		IGH	1	T	F	IGHV4-34	IGHJ4	IGHV4	IGHJ4	IMGT_CDR3	IN
981	981			T	IGHV3-33		IGHJ5								CARPLFGSLYAMDYW		IGH	1	T	F	IGHV3-33	IGHJ5	IGHV3	IGHJ5	IMGT_CDR3	IN
982	982			T	IGHV6-1		IGHJ6								CTTRTFTMVTIYFDYW		IGH	1	T	F	IGHV6-1	IGHJ6	IGHV6	IGHJ6	IMGT_CDR3	IN
983	983			T	IGHV1-69		IGHJ4								CAREEGFITTVVANFWYFDVW		IGH	1	T	F	IGHV1-69	IGHJ4	IGHV1	IGHJ4	IMGT_CDR3	IN
984	984			T	IGHV3-53		IGHJ3								CAREGFITTVPIPSHFDYW		IGH	1	T	F	IGHV3-53	IGHJ3	IGHV3	IGHJ3	IMGT_CDR3	IN
985	985			T	IGHV3-43		IGHJ5								CARGVLITTVVAFDYW		IGH	1	T	F	IGHV3-43	IGHJ5	IGHV3	IGHJ5	IMGT_CDR3	IN
986	986			T	IGHV4-4		IGHJ4								CARPLLYYGNYEFAYW		IGH	1	T	F	IGHV4-4	IGHJ4	IGHV4	IGHJ4	IMGT_CDR3	IN
987	987			T	IGHV4-39		IGHJ2								CARLDYGNLYWYFDVW		IGH	1	T	F	IGHV4-39	IGHJ2	IGHV4	IGHJ2	IMGT_CDR3	IN
988	988			T	IGHV5-51		IGHJ3								CARALLYYGNYEFAYW		IGH	1	T	F	IGHV5-51	IGHJ3	IGHV5	IGHJ3	IMGT_CDR3	IN
989	989			T	IGHV4-34		IGHJ4								CARQGVLQLRLRSLAMDYW		IGH	1	T	F	IGHV4-34	IGHJ4	IGHV4	IGHJ4	IMGT_CDR3	IN
990	990			T	IGHV7-4-1		IGHJ4								CARLMDLLWSFDYW		IGH	1	T	F	IGHV7-4-1	IGHJ4	IGHV7	IGHJ4	IMGT_CDR3	IN
991	991			T	IGHV5-51		IGHJ5								CARNLLLRYKAMDYW		IGH	1	T	F	IGHV5-51	IGHJ5	IGHV5	IGHJ5	IMGT_CDR3	IN
992	992			T	IGHV3-7		IGHJ5								CAQIVSLYWYFDVW		IGH	1	T	F	IGHV3-7	IGHJ5	IGHV3	IGHJ5	IMGT_CDR3	IN
993	993			T	IGHV3-7		IGHJ5								CARAYLLWLRRGFAYW		IGH	1	T	F	IGHV3-7	IGHJ5	IGHV3	IGHJ5	IMGT_CDR3	IN
994	994			T	IGHV1-2		IGHJ4								CAREGFYSNLRYFDVW		IGH	1	T	F	IGHV1-2	IGHJ4	IGHV1	IGHJ4	IMGT_CDR3	IN
995	995			T	IGHV3-7		IGHJ4								CTLLLRSSLGDYW		IGH	1	T	F	IGHV3-7	IGHJ4	IGHV3	IGHJ4	IMGT_CDR3	IN
996	996			T	IGHV2-26		IGHJ4								CARFPLDYYYFDYW		IGH	1	T	F	IGHV2-26	IGHJ4	IGHV2	IGHJ4	IMGT_CDR3	IN
997	997			T	IGHV3-72		IGHJ4								CARQPWIPLIYSNFAWFAYW		IGH	1	T	F	IGHV3-72	IGHJ4	IGHV3	IGHJ4	IMGT_CDR3	IN
998	998			T	IGHV4-39		IGHJ4								CAMGLWLRVSFDYW		IGH	1	T	F	IGHV4-39	IGHJ4	IGHV4	IGHJ4	IMGT_CDR3	IN
999	999			T	IGHV3-11		IGHJ4								CARALFWEGDWYFDVW		IGH	1	T	F	IGHV3-11	IGHJ4	IGHV3	IGHJ4	IMGT_CDR3	IN
